{
 "cells": [
  {
   "cell_type": "code",
   "execution_count": 1,
   "metadata": {},
   "outputs": [],
   "source": [
    "%load_ext autoreload\n",
    "%autoreload 2"
   ]
  },
  {
   "cell_type": "code",
   "execution_count": 2,
   "metadata": {},
   "outputs": [],
   "source": [
    "import numpy as np\n",
    "import ase \n",
    "from ase.units import Bohr \n",
    "import torch\n",
    "import metatensor\n",
    "from metatensor import TensorMap, TensorBlock, Labels\n",
    "import matplotlib.pyplot as plt\n",
    "from ase.io import read \n",
    "import hickle\n",
    "from mlelec.utils.metatensor_utils import labels_where\n",
    "\n",
    "from mlelec.data.dataset import PeriodicDataset"
   ]
  },
  {
   "cell_type": "code",
   "execution_count": null,
   "metadata": {},
   "outputs": [],
   "source": []
  },
  {
   "cell_type": "code",
   "execution_count": 3,
   "metadata": {},
   "outputs": [
    {
     "name": "stdout",
     "output_type": "stream",
     "text": [
      "(868, 10, 10)\n",
      "(99, 10, 10)\n",
      "(99, 3)\n"
     ]
    }
   ],
   "source": [
    "device='cpu'\n",
    "filename = \"C2_rotated\"\n",
    "frames = read('dataset/periodic/rotation/C2_rotated.xyz', ':') # will be automated from filename  \n",
    "for f in frames:\n",
    "    f.pbc = [True, True, True]\n",
    "kfock = np.load('dataset/periodic/rotation/H_k.npz'.format(filename), allow_pickle=True)\n",
    "kfock=[kfock['arr_{}'.format(i)] for i in range(len(kfock))]\n",
    "print(kfock[0].shape)\n",
    "fock = np.load('dataset/periodic/rotation/realspaceH_nonsym.npz'.format(filename), allow_pickle=True)\n",
    "fock=np.array([fock['arr_{}'.format(i)] for i in range(len(fock))])\n",
    "print(fock[0].shape)\n",
    "\n",
    "all_shifts = np.load('dataset/periodic/rotation/cell_idx_list.npz'.format(filename), allow_pickle=True)\n",
    "all_shifts=np.array([all_shifts['arr_{}'.format(i)] for i in range(len(all_shifts))])\n",
    "print(all_shifts[0].shape)\n",
    "\n",
    "pyscfkfock = np.load('../examples/data/periodic/c2/results_{}/kfocks.npy'.format(filename))\n",
    "\n",
    "#desired_shifts=[[0,0,0],[0,1,0],[1,0,0],[1,1,0],[1,-1,0],[0,2,0],[2,0,0],[2,1,0],[1,2,0],[2,2,0],[2,-1,0],[1,-2,0]]\n",
    "#rotated_dataset = PeriodicDataset(frames = frames, kgrid=[4,4,1], matrices_kpoint = pyscfkfock, target=[\"real_translation\"] ,device = device, desired_shifts=desired_shifts)"
   ]
  },
  {
   "cell_type": "code",
   "execution_count": 4,
   "metadata": {},
   "outputs": [],
   "source": [
    "#dir(rotated_dataset)"
   ]
  },
  {
   "cell_type": "code",
   "execution_count": 5,
   "metadata": {},
   "outputs": [
    {
     "data": {
      "text/plain": [
       "(3, 16, 10, 10)"
      ]
     },
     "execution_count": 5,
     "metadata": {},
     "output_type": "execute_result"
    }
   ],
   "source": [
    "pyscfkfock.shape"
   ]
  },
  {
   "cell_type": "code",
   "execution_count": 6,
   "metadata": {},
   "outputs": [],
   "source": [
    "#rotated_dataset.desired_shifts"
   ]
  },
  {
   "cell_type": "code",
   "execution_count": 7,
   "metadata": {},
   "outputs": [],
   "source": [
    "## This should happen in the ML Dataset class #TODO\n",
    "## Fix orbital order \n",
    "#from mlelec.utils.twocenter_utils import fix_orbital_order\n",
    "orbs = {6: [[1,0,0],[2,0,0],[2,1,1], [2,1,-1],[2,1,0]]}\n",
    "#for T in rotated_dataset.matrices_translation.keys():\n",
    "#    rotated_dataset.matrices_translation[T] = fix_orbital_order(rotated_dataset.matrices_translation[T], frames, orbs)\n"
   ]
  },
  {
   "cell_type": "code",
   "execution_count": 8,
   "metadata": {},
   "outputs": [],
   "source": [
    "#withnegative_shifts = list(rotated_dataset.desired_shifts_sup.keys())\n",
    "# withnegative_shifts.remove((0,0,0))\n",
    "#desired_shifts = list(rotated_dataset.desired_shifts)\n",
    "#desired_shifts.remove([0,0,0]) # for now we remove the zero shift until i have incorporate featuires for zero shift into the feats "
   ]
  },
  {
   "cell_type": "code",
   "execution_count": 9,
   "metadata": {},
   "outputs": [
    {
     "data": {
      "text/plain": [
       "(3, 99, 3)"
      ]
     },
     "execution_count": 9,
     "metadata": {},
     "output_type": "execute_result"
    }
   ],
   "source": [
    "all_shifts.shape#[0]"
   ]
  },
  {
   "cell_type": "code",
   "execution_count": 10,
   "metadata": {},
   "outputs": [],
   "source": [
    "import hickle\n",
    "from mlelec.utils.twocenter_utils_fhiaims import _fhiaims_to_condon_shortley, check_rotation\n",
    "from mlelec.utils.twocenter_utils_fhiaims import symmetrize_matrices, to_coupled_blocks\n",
    "from mlelec.utils.twocenter_utils_fhiaims import _matrix_to_blocks, _to_matrix, _to_coupled_basis, _to_uncoupled_basis"
   ]
  },
  {
   "cell_type": "code",
   "execution_count": 11,
   "metadata": {},
   "outputs": [],
   "source": [
    "# fock_map= {}\n",
    "# for s in translated_matrices.keys():\n",
    "#     #print(s)\n",
    "#     fock_map[tuple(s)] = _to_coupled_basis(_matrix_to_blocks(translated_matrices[tuple(s)], frames=frames, orbitals=orbs,), orbs) # uncouple -> coupled    \n"
   ]
  },
  {
   "cell_type": "code",
   "execution_count": 12,
   "metadata": {
    "scrolled": true
   },
   "outputs": [
    {
     "data": {
      "text/plain": [
       "4"
      ]
     },
     "execution_count": 12,
     "metadata": {},
     "output_type": "execute_result"
    }
   ],
   "source": [
    "# len(translated_matrices.keys())\n",
    "# translated_matrices\n",
    "len(fock.shape)"
   ]
  },
  {
   "cell_type": "code",
   "execution_count": 13,
   "metadata": {},
   "outputs": [],
   "source": [
    "#fixed_fock=_fhiaims_to_condon_shortley(fock[:,0], frames, orbs, device=device)\n",
    "fixed_fock=_fhiaims_to_condon_shortley(fock, frames, orbs, device=device)\n",
    "#     matrices: Union[List[torch.tensor], torch.tensor],\n",
    "#     frames: Union[ase.Atoms, List[ase.Atoms]],\n",
    "#     orbitals: dict,\n",
    "#     device: str = None,\n",
    "# )"
   ]
  },
  {
   "cell_type": "code",
   "execution_count": 14,
   "metadata": {},
   "outputs": [
    {
     "data": {
      "text/plain": [
       "(3, 10, 10)"
      ]
     },
     "execution_count": 14,
     "metadata": {},
     "output_type": "execute_result"
    }
   ],
   "source": [
    "fock[:,0].shape"
   ]
  },
  {
   "cell_type": "code",
   "execution_count": 15,
   "metadata": {},
   "outputs": [
    {
     "data": {
      "text/plain": [
       "torch.Size([3, 99, 10, 10])"
      ]
     },
     "execution_count": 15,
     "metadata": {},
     "output_type": "execute_result"
    }
   ],
   "source": [
    "fixed_fock.shape"
   ]
  },
  {
   "cell_type": "code",
   "execution_count": 16,
   "metadata": {},
   "outputs": [],
   "source": [
    "translated_matrices=dict([(tuple(all_shifts[0][i]),fixed_fock[:,i]) for i in range(len(all_shifts[0])) if np.linalg.norm(fock[:,i])>10**-3] )"
   ]
  },
  {
   "cell_type": "code",
   "execution_count": 17,
   "metadata": {},
   "outputs": [],
   "source": [
    "#fixed_fock[:,0]"
   ]
  },
  {
   "cell_type": "code",
   "execution_count": null,
   "metadata": {},
   "outputs": [],
   "source": []
  },
  {
   "cell_type": "code",
   "execution_count": null,
   "metadata": {},
   "outputs": [],
   "source": []
  },
  {
   "cell_type": "code",
   "execution_count": null,
   "metadata": {},
   "outputs": [],
   "source": []
  },
  {
   "cell_type": "code",
   "execution_count": 18,
   "metadata": {},
   "outputs": [],
   "source": [
    "rotations=hickle.load('dataset/periodic/rotation/rotations.hickle')"
   ]
  },
  {
   "cell_type": "code",
   "execution_count": 19,
   "metadata": {},
   "outputs": [
    {
     "data": {
      "text/plain": [
       "[tensor([ 1.5078, -0.0463, -0.8321]), tensor([ 0.1443, -0.1218,  0.4463])]"
      ]
     },
     "execution_count": 19,
     "metadata": {},
     "output_type": "execute_result"
    }
   ],
   "source": [
    "rotations"
   ]
  },
  {
   "cell_type": "code",
   "execution_count": 20,
   "metadata": {},
   "outputs": [
    {
     "name": "stdout",
     "output_type": "stream",
     "text": [
      "0 0 [0 6 1 0 6 1 0 0] tensor(4.7204e-05)\n",
      "0 1 [0 6 1 0 6 2 0 0] tensor(4.7204e-06)\n",
      "0 3 [0 6 2 0 6 2 0 0] tensor(6.4063e-06)\n",
      "0 5 [0 6 2 1 6 2 1 0] tensor(6.4063e-06)\n",
      "0 6 [0 6 2 1 6 2 1 2] tensor(6.2326e-06)\n",
      "0 8 [1 6 1 0 6 2 0 0] tensor(2.2759e-06)\n",
      "0 11 [-1  6  1  0  6  2  1  1] tensor(4.4230e-06)\n",
      "0 14 [-1  6  2  0  6  2  1  1] tensor(2.4827e-06)\n",
      "0 15 [1 6 2 1 6 2 1 0] tensor(7.1650e-06)\n",
      "0 16 [1 6 2 1 6 2 1 2] tensor(4.0055e-06)\n",
      "11 16 [1 6 2 1 6 2 1 2] tensor(1.0500e-06)\n",
      "12 16 [1 6 2 1 6 2 1 2] tensor(1.0217e-06)\n",
      "17 4 [0 6 2 0 6 2 1 1] tensor(1.0748e-06)\n",
      "17 5 [0 6 2 1 6 2 1 0] tensor(2.3997e-06)\n",
      "17 6 [0 6 2 1 6 2 1 2] tensor(2.5161e-06)\n",
      "17 12 [1 6 2 0 6 2 0 0] tensor(1.4336e-06)\n",
      "17 14 [-1  6  2  0  6  2  1  1] tensor(1.8803e-06)\n",
      "17 15 [1 6 2 1 6 2 1 0] tensor(1.1478e-06)\n",
      "17 16 [1 6 2 1 6 2 1 2] tensor(4.6325e-06)\n",
      "18 4 [0 6 2 0 6 2 1 1] tensor(1.0227e-06)\n",
      "18 5 [0 6 2 1 6 2 1 0] tensor(2.3918e-06)\n",
      "18 6 [0 6 2 1 6 2 1 2] tensor(2.6614e-06)\n",
      "18 8 [1 6 1 0 6 2 0 0] tensor(1.6690e-06)\n",
      "18 11 [-1  6  1  0  6  2  1  1] tensor(3.3049e-06)\n",
      "18 14 [-1  6  2  0  6  2  1  1] tensor(2.0204e-06)\n",
      "18 15 [1 6 2 1 6 2 1 0] tensor(5.0988e-06)\n",
      "18 16 [1 6 2 1 6 2 1 2] tensor(2.7948e-06)\n",
      "19 14 [-1  6  2  0  6  2  1  1] tensor(1.2953e-06)\n",
      "19 16 [1 6 2 1 6 2 1 2] tensor(3.2559e-06)\n",
      "24 4 [0 6 2 0 6 2 1 1] tensor(1.0709e-06)\n",
      "24 5 [0 6 2 1 6 2 1 0] tensor(2.3365e-06)\n",
      "24 6 [0 6 2 1 6 2 1 2] tensor(2.5257e-06)\n",
      "24 8 [1 6 1 0 6 2 0 0] tensor(1.5498e-06)\n",
      "24 11 [-1  6  1  0  6  2  1  1] tensor(2.9262e-06)\n",
      "24 12 [1 6 2 0 6 2 0 0] tensor(1.0296e-06)\n",
      "24 14 [-1  6  2  0  6  2  1  1] tensor(2.0983e-06)\n",
      "24 15 [1 6 2 1 6 2 1 0] tensor(5.1785e-06)\n",
      "24 16 [1 6 2 1 6 2 1 2] tensor(3.2031e-06)\n",
      "25 4 [0 6 2 0 6 2 1 1] tensor(1.0709e-06)\n",
      "25 5 [0 6 2 1 6 2 1 0] tensor(2.3365e-06)\n",
      "25 6 [0 6 2 1 6 2 1 2] tensor(2.5257e-06)\n",
      "25 8 [1 6 1 0 6 2 0 0] tensor(1.5498e-06)\n",
      "25 11 [-1  6  1  0  6  2  1  1] tensor(2.9262e-06)\n",
      "25 12 [1 6 2 0 6 2 0 0] tensor(1.0296e-06)\n",
      "25 14 [-1  6  2  0  6  2  1  1] tensor(2.0983e-06)\n",
      "25 15 [1 6 2 1 6 2 1 0] tensor(5.1785e-06)\n",
      "25 16 [1 6 2 1 6 2 1 2] tensor(3.2031e-06)\n",
      "30 14 [-1  6  2  0  6  2  1  1] tensor(1.2953e-06)\n",
      "30 16 [1 6 2 1 6 2 1 2] tensor(3.2559e-06)\n",
      "31 4 [0 6 2 0 6 2 1 1] tensor(1.0227e-06)\n",
      "31 5 [0 6 2 1 6 2 1 0] tensor(2.3918e-06)\n",
      "31 6 [0 6 2 1 6 2 1 2] tensor(2.6614e-06)\n",
      "31 8 [1 6 1 0 6 2 0 0] tensor(1.6690e-06)\n",
      "31 11 [-1  6  1  0  6  2  1  1] tensor(3.3049e-06)\n",
      "31 14 [-1  6  2  0  6  2  1  1] tensor(2.0204e-06)\n",
      "31 15 [1 6 2 1 6 2 1 0] tensor(5.0988e-06)\n",
      "31 16 [1 6 2 1 6 2 1 2] tensor(2.7948e-06)\n",
      "32 4 [0 6 2 0 6 2 1 1] tensor(1.0748e-06)\n",
      "32 5 [0 6 2 1 6 2 1 0] tensor(2.3997e-06)\n",
      "32 6 [0 6 2 1 6 2 1 2] tensor(2.5161e-06)\n",
      "32 12 [1 6 2 0 6 2 0 0] tensor(1.4336e-06)\n",
      "32 14 [-1  6  2  0  6  2  1  1] tensor(1.8803e-06)\n",
      "32 15 [1 6 2 1 6 2 1 0] tensor(1.1478e-06)\n",
      "32 16 [1 6 2 1 6 2 1 2] tensor(4.6325e-06)\n",
      "37 16 [1 6 2 1 6 2 1 2] tensor(1.0217e-06)\n",
      "38 16 [1 6 2 1 6 2 1 2] tensor(1.0500e-06)\n"
     ]
    }
   ],
   "source": [
    "blocks=to_coupled_blocks(translated_matrices,frames,orbs, device=device)\n",
    "check_rotation(blocks,rotations,precision=10**-6)\n",
    "\n",
    "#blocks=_to_coupled_basis(_matrix_to_blocks(fixed_fock, frames=frames, orbitals=orbs,), orbs, device=device)\n",
    "#check_rotation({(0,0,0):blocks},rotations)"
   ]
  },
  {
   "cell_type": "code",
   "execution_count": 21,
   "metadata": {},
   "outputs": [],
   "source": [
    "#blocks"
   ]
  },
  {
   "cell_type": "code",
   "execution_count": null,
   "metadata": {
    "scrolled": true
   },
   "outputs": [],
   "source": []
  },
  {
   "cell_type": "code",
   "execution_count": 22,
   "metadata": {},
   "outputs": [
    {
     "data": {
      "text/plain": [
       "{(0,\n",
       "  0,\n",
       "  0): tensor([[[-1.0165e+01,  1.8341e-02,  8.4374e-04,  1.1033e-14,  4.8257e-04,\n",
       "           -2.2604e-03,  5.7346e-01, -5.3323e-01,  0.0000e+00,  9.0806e-01],\n",
       "          [ 1.8341e-02, -1.0110e+00, -1.3739e-02, -8.8424e-14, -7.7214e-03,\n",
       "            5.7346e-01, -5.3616e-01,  2.6260e-01,  0.0000e+00, -4.4589e-01],\n",
       "          [ 8.4374e-04, -1.3739e-02, -8.8915e-01, -1.3618e-16, -2.4177e-03,\n",
       "            5.3323e-01, -2.6260e-01, -2.7946e-01,  0.0000e+00, -2.3237e-01],\n",
       "          [ 1.1033e-14, -8.8424e-14, -1.3618e-16, -4.3218e-01, -1.0170e-16,\n",
       "            0.0000e+00,  0.0000e+00,  0.0000e+00, -2.5713e-01, -0.0000e+00],\n",
       "          [ 4.8257e-04, -7.7214e-03, -2.4177e-03, -1.0170e-16, -8.9670e-01,\n",
       "           -9.0806e-01,  4.4589e-01, -2.3237e-01, -0.0000e+00, -3.5125e-02],\n",
       "          [-2.2604e-03,  5.7346e-01,  5.3323e-01,  0.0000e+00, -9.0806e-01,\n",
       "           -1.0165e+01,  1.8341e-02, -8.4374e-04,  1.0891e-14, -4.8257e-04],\n",
       "          [ 5.7346e-01, -5.3616e-01, -2.6260e-01,  0.0000e+00,  4.4589e-01,\n",
       "            1.8341e-02, -1.0110e+00,  1.3739e-02, -8.7218e-14,  7.7214e-03],\n",
       "          [-5.3323e-01,  2.6260e-01, -2.7946e-01,  0.0000e+00, -2.3237e-01,\n",
       "           -8.4374e-04,  1.3739e-02, -8.8915e-01,  6.3751e-17, -2.4177e-03],\n",
       "          [ 0.0000e+00,  0.0000e+00,  0.0000e+00, -2.5713e-01, -0.0000e+00,\n",
       "            1.0891e-14, -8.7218e-14,  6.3751e-17, -4.3218e-01,  3.8164e-17],\n",
       "          [ 9.0806e-01, -4.4589e-01, -2.3237e-01, -0.0000e+00, -3.5125e-02,\n",
       "           -4.8257e-04,  7.7214e-03, -2.4177e-03,  3.8164e-17, -8.9670e-01]],\n",
       " \n",
       "         [[-1.0165e+01,  1.8338e-02,  9.5918e-04,  4.3924e-05, -1.5118e-04,\n",
       "           -2.2604e-03,  5.7346e-01,  1.5158e-01,  1.0052e-02,  1.0420e+00],\n",
       "          [ 1.8338e-02, -1.0110e+00, -1.5533e-02, -7.1093e-04,  2.5681e-03,\n",
       "            5.7346e-01, -5.3616e-01, -7.3836e-02, -4.9098e-03, -5.1215e-01],\n",
       "          [ 9.5918e-04, -1.5533e-02, -8.9348e-01, -2.1349e-02, -4.1433e-03,\n",
       "           -1.5158e-01,  7.3836e-02, -4.1037e-01, -6.8883e-03,  6.8548e-02],\n",
       "          [ 4.3924e-05, -7.1093e-04, -2.1349e-02, -4.3317e-01, -1.5326e-03,\n",
       "           -1.0052e-02,  4.9098e-03, -6.8883e-03, -2.5743e-01,  4.2016e-03],\n",
       "          [-1.5118e-04,  2.5681e-03, -4.1433e-03, -1.5326e-03, -8.9139e-01,\n",
       "           -1.0420e+00,  5.1215e-01,  6.8548e-02,  4.2016e-03,  9.6091e-02],\n",
       "          [-2.2604e-03,  5.7346e-01, -1.5158e-01, -1.0052e-02, -1.0420e+00,\n",
       "           -1.0165e+01,  1.8338e-02, -9.5918e-04, -4.3924e-05,  1.5118e-04],\n",
       "          [ 5.7346e-01, -5.3616e-01,  7.3836e-02,  4.9098e-03,  5.1215e-01,\n",
       "            1.8338e-02, -1.0110e+00,  1.5533e-02,  7.1093e-04, -2.5681e-03],\n",
       "          [ 1.5158e-01, -7.3836e-02, -4.1037e-01, -6.8883e-03,  6.8548e-02,\n",
       "           -9.5918e-04,  1.5533e-02, -8.9348e-01, -2.1349e-02, -4.1433e-03],\n",
       "          [ 1.0052e-02, -4.9098e-03, -6.8883e-03, -2.5743e-01,  4.2016e-03,\n",
       "           -4.3924e-05,  7.1093e-04, -2.1349e-02, -4.3317e-01, -1.5326e-03],\n",
       "          [ 1.0420e+00, -5.1215e-01,  6.8548e-02,  4.2016e-03,  9.6091e-02,\n",
       "            1.5118e-04, -2.5681e-03, -4.1433e-03, -1.5326e-03, -8.9139e-01]],\n",
       " \n",
       "         [[-1.0165e+01,  1.8339e-02,  9.6948e-04,  8.6179e-06, -6.9517e-05,\n",
       "           -2.2604e-03,  5.7346e-01,  6.1639e-02,  1.2746e-01,  1.0435e+00],\n",
       "          [ 1.8339e-02, -1.0110e+00, -1.5710e-02, -1.2574e-04,  1.2448e-03,\n",
       "            5.7346e-01, -5.3616e-01, -2.9632e-02, -6.2628e-02, -5.1280e-01],\n",
       "          [ 9.6948e-04, -1.5710e-02, -8.9358e-01, -8.5315e-03, -3.4094e-03,\n",
       "           -6.1639e-02,  2.9632e-02, -4.1865e-01,  1.0879e-04,  2.4364e-02],\n",
       "          [ 8.6179e-06, -1.2574e-04, -8.5315e-03, -4.3898e-01, -5.4959e-02,\n",
       "           -1.2746e-01,  6.2628e-02,  1.0879e-04, -2.5185e-01,  4.3534e-02],\n",
       "          [-6.9517e-05,  1.2448e-03, -3.4094e-03, -5.4959e-02, -8.8546e-01,\n",
       "           -1.0435e+00,  5.1280e-01,  2.4364e-02,  4.3534e-02,  9.8791e-02],\n",
       "          [-2.2604e-03,  5.7346e-01, -6.1639e-02, -1.2746e-01, -1.0435e+00,\n",
       "           -1.0165e+01,  1.8339e-02, -9.6948e-04, -8.6179e-06,  6.9517e-05],\n",
       "          [ 5.7346e-01, -5.3616e-01,  2.9632e-02,  6.2628e-02,  5.1280e-01,\n",
       "            1.8339e-02, -1.0110e+00,  1.5710e-02,  1.2574e-04, -1.2448e-03],\n",
       "          [ 6.1639e-02, -2.9632e-02, -4.1865e-01,  1.0879e-04,  2.4364e-02,\n",
       "           -9.6948e-04,  1.5710e-02, -8.9358e-01, -8.5315e-03, -3.4094e-03],\n",
       "          [ 1.2746e-01, -6.2628e-02,  1.0879e-04, -2.5185e-01,  4.3534e-02,\n",
       "           -8.6179e-06,  1.2574e-04, -8.5315e-03, -4.3898e-01, -5.4959e-02],\n",
       "          [ 1.0435e+00, -5.1280e-01,  2.4364e-02,  4.3534e-02,  9.8791e-02,\n",
       "            6.9517e-05, -1.2448e-03, -3.4094e-03, -5.4959e-02, -8.8546e-01]]],\n",
       "        dtype=torch.float64),\n",
       " (-4,\n",
       "  -2,\n",
       "  0): tensor([[[ 0.0000e+00,  0.0000e+00,  0.0000e+00,  0.0000e+00, -0.0000e+00,\n",
       "            0.0000e+00,  1.4899e-13, -1.3066e-12,  0.0000e+00, -1.5661e-12],\n",
       "          [ 0.0000e+00, -3.1168e-06,  1.4393e-05,  0.0000e+00,  2.4141e-05,\n",
       "            1.4899e-13, -1.2604e-05,  6.3706e-05,  0.0000e+00,  7.6017e-05],\n",
       "          [ 0.0000e+00, -1.4046e-05,  5.3100e-05,  0.0000e+00,  1.0809e-04,\n",
       "            1.3066e-12, -6.3706e-05,  2.6720e-04,  0.0000e+00,  3.7076e-04],\n",
       "          [ 0.0000e+00,  0.0000e+00,  0.0000e+00, -7.1273e-06, -0.0000e+00,\n",
       "            0.0000e+00,  0.0000e+00,  0.0000e+00, -2.4447e-05, -0.0000e+00],\n",
       "          [-0.0000e+00, -2.3450e-05,  1.0754e-04, -0.0000e+00,  1.6907e-04,\n",
       "            1.5661e-12, -7.6017e-05,  3.7076e-04, -0.0000e+00,  3.9719e-04],\n",
       "          [ 0.0000e+00,  0.0000e+00,  0.0000e+00,  0.0000e+00, -0.0000e+00,\n",
       "            0.0000e+00,  0.0000e+00,  0.0000e+00,  0.0000e+00, -0.0000e+00],\n",
       "          [ 0.0000e+00, -3.9823e-07,  1.6115e-06,  0.0000e+00,  3.7909e-06,\n",
       "            0.0000e+00, -3.1168e-06,  1.4046e-05,  0.0000e+00,  2.3450e-05],\n",
       "          [ 0.0000e+00, -1.6115e-06,  5.1854e-06,  0.0000e+00,  1.5666e-05,\n",
       "            0.0000e+00, -1.4393e-05,  5.3100e-05,  0.0000e+00,  1.0754e-04],\n",
       "          [ 0.0000e+00,  0.0000e+00,  0.0000e+00, -1.0178e-06, -0.0000e+00,\n",
       "            0.0000e+00,  0.0000e+00,  0.0000e+00, -7.1273e-06, -0.0000e+00],\n",
       "          [-0.0000e+00, -3.7909e-06,  1.5666e-05, -0.0000e+00,  3.5144e-05,\n",
       "           -0.0000e+00, -2.4141e-05,  1.0809e-04, -0.0000e+00,  1.6907e-04]],\n",
       " \n",
       "         [[ 0.0000e+00,  0.0000e+00,  0.0000e+00,  0.0000e+00, -0.0000e+00,\n",
       "            0.0000e+00,  1.4748e-13, -1.9773e-12,  0.0000e+00, -3.9920e-13],\n",
       "          [ 0.0000e+00, -3.1168e-06,  2.6300e-05,  1.2450e-06,  9.8343e-06,\n",
       "            1.4748e-13, -1.2604e-05,  9.7144e-05,  4.5499e-06,  1.9469e-05],\n",
       "          [ 0.0000e+00, -2.5597e-05,  2.0322e-04,  9.9616e-06,  8.0242e-05,\n",
       "            1.9773e-12, -9.7144e-05,  6.7836e-04,  3.2925e-05,  1.4397e-04],\n",
       "          [ 0.0000e+00, -1.2117e-06,  9.9622e-06, -6.6549e-06,  3.7863e-06,\n",
       "            0.0000e+00, -4.5499e-06,  3.2925e-05, -2.2901e-05,  6.6840e-06],\n",
       "          [-0.0000e+00, -9.5119e-06,  7.9692e-05,  3.7600e-06,  1.8477e-05,\n",
       "            3.9920e-13, -1.9469e-05,  1.4397e-04,  6.6840e-06, -1.5533e-05],\n",
       "          [ 0.0000e+00,  0.0000e+00,  0.0000e+00,  0.0000e+00, -0.0000e+00,\n",
       "            0.0000e+00,  0.0000e+00,  0.0000e+00,  0.0000e+00, -0.0000e+00],\n",
       "          [ 0.0000e+00, -3.9823e-07,  3.6243e-06,  1.7331e-07,  1.9500e-06,\n",
       "            0.0000e+00, -3.1168e-06,  2.5597e-05,  1.2117e-06,  9.5119e-06],\n",
       "          [ 0.0000e+00, -3.6243e-06,  3.2120e-05,  1.5852e-06,  1.8009e-05,\n",
       "            0.0000e+00, -2.6300e-05,  2.0322e-04,  9.9622e-06,  7.9692e-05],\n",
       "          [ 0.0000e+00, -1.7331e-07,  1.5852e-06, -9.4199e-07,  8.5966e-07,\n",
       "            0.0000e+00, -1.2450e-06,  9.9616e-06, -6.6549e-06,  3.7600e-06],\n",
       "          [-0.0000e+00, -1.9500e-06,  1.8009e-05,  8.5966e-07,  8.1340e-06,\n",
       "           -0.0000e+00, -9.8343e-06,  8.0242e-05,  3.7863e-06,  1.8477e-05]],\n",
       " \n",
       "         [[ 0.0000e+00,  0.0000e+00,  0.0000e+00,  0.0000e+00, -0.0000e+00,\n",
       "            0.0000e+00,  1.4706e-13, -1.9295e-12, -1.0132e-13, -5.5738e-13],\n",
       "          [ 0.0000e+00, -3.1168e-06,  2.5382e-05,  1.8907e-06,  1.1923e-05,\n",
       "            1.4706e-13, -1.2604e-05,  9.5199e-05,  4.9892e-06,  2.7364e-05],\n",
       "          [ 0.0000e+00, -2.4708e-05,  1.8853e-04,  1.4817e-05,  9.3910e-05,\n",
       "            1.9295e-12, -9.5199e-05,  6.4983e-04,  3.5929e-05,  1.9870e-04],\n",
       "          [ 0.0000e+00, -1.8330e-06,  1.4750e-05, -6.0843e-06,  6.4627e-06,\n",
       "            1.0132e-13, -4.9892e-06,  3.5929e-05, -2.2839e-05,  8.0229e-06],\n",
       "          [-0.0000e+00, -1.1545e-05,  9.3364e-05,  6.4535e-06,  3.2593e-05,\n",
       "            5.5738e-13, -2.7364e-05,  1.9870e-04,  8.0229e-06,  1.2932e-05],\n",
       "          [ 0.0000e+00,  0.0000e+00,  0.0000e+00,  0.0000e+00, -0.0000e+00,\n",
       "            0.0000e+00,  0.0000e+00,  0.0000e+00,  0.0000e+00, -0.0000e+00],\n",
       "          [ 0.0000e+00, -3.9824e-07,  3.4466e-06,  3.3090e-07,  2.2315e-06,\n",
       "            0.0000e+00, -3.1168e-06,  2.4708e-05,  1.8330e-06,  1.1545e-05],\n",
       "          [ 0.0000e+00, -3.4466e-06,  2.8917e-05,  2.9025e-06,  1.9616e-05,\n",
       "            0.0000e+00, -2.5382e-05,  1.8853e-04,  1.4750e-05,  9.3364e-05],\n",
       "          [ 0.0000e+00, -3.3090e-07,  2.9025e-06, -7.4659e-07,  1.8178e-06,\n",
       "            0.0000e+00, -1.8907e-06,  1.4817e-05, -6.0843e-06,  6.4535e-06],\n",
       "          [-0.0000e+00, -2.2315e-06,  1.9616e-05,  1.8178e-06,  1.1142e-05,\n",
       "           -0.0000e+00, -1.1923e-05,  9.3910e-05,  6.4627e-06,  3.2593e-05]]],\n",
       "        dtype=torch.float64),\n",
       " (-4,\n",
       "  -1,\n",
       "  0): tensor([[[ 0.0000e+00,  0.0000e+00,  0.0000e+00,  0.0000e+00, -0.0000e+00,\n",
       "            0.0000e+00,  2.2743e-13, -1.1495e-12,  0.0000e+00, -2.8686e-12],\n",
       "          [ 0.0000e+00, -1.3254e-06,  3.2081e-06,  0.0000e+00,  1.2410e-05,\n",
       "            2.2743e-13, -1.3715e-05,  3.9633e-05,  0.0000e+00,  9.9472e-05],\n",
       "          [ 0.0000e+00, -2.9887e-06,  2.0284e-06,  0.0000e+00,  2.8447e-05,\n",
       "            1.1495e-12, -3.9633e-05,  6.1040e-05,  0.0000e+00,  2.7598e-04],\n",
       "          [ 0.0000e+00,  0.0000e+00,  0.0000e+00, -3.2936e-06, -0.0000e+00,\n",
       "            0.0000e+00,  0.0000e+00,  0.0000e+00, -2.6308e-05, -0.0000e+00],\n",
       "          [-0.0000e+00, -1.1979e-05,  2.9513e-05, -0.0000e+00,  1.0757e-04,\n",
       "            2.8686e-12, -9.9472e-05,  2.7598e-04, -0.0000e+00,  6.4697e-04],\n",
       "          [ 0.0000e+00,  0.0000e+00,  0.0000e+00,  0.0000e+00, -0.0000e+00,\n",
       "            0.0000e+00,  0.0000e+00,  0.0000e+00,  0.0000e+00, -0.0000e+00],\n",
       "          [ 0.0000e+00, -5.1040e-08,  8.5849e-08,  0.0000e+00,  5.7839e-07,\n",
       "            0.0000e+00, -1.3254e-06,  2.9887e-06,  0.0000e+00,  1.1979e-05],\n",
       "          [ 0.0000e+00, -8.5849e-08, -7.7080e-09,  0.0000e+00,  9.8846e-07,\n",
       "            0.0000e+00, -3.2081e-06,  2.0284e-06,  0.0000e+00,  2.9513e-05],\n",
       "          [ 0.0000e+00,  0.0000e+00,  0.0000e+00, -1.1879e-07, -0.0000e+00,\n",
       "            0.0000e+00,  0.0000e+00,  0.0000e+00, -3.2936e-06, -0.0000e+00],\n",
       "          [-0.0000e+00, -5.7839e-07,  9.8846e-07, -0.0000e+00,  6.5190e-06,\n",
       "           -0.0000e+00, -1.2410e-05,  2.8447e-05, -0.0000e+00,  1.0757e-04]],\n",
       " \n",
       "         [[ 0.0000e+00,  0.0000e+00,  0.0000e+00,  0.0000e+00, -0.0000e+00,\n",
       "            0.0000e+00,  2.2515e-13, -2.6566e-12, -1.2742e-13, -1.5059e-12],\n",
       "          [ 0.0000e+00, -1.3254e-06,  1.0253e-05,  4.9656e-07,  7.6766e-06,\n",
       "            2.2515e-13, -1.3714e-05,  9.3030e-05,  4.4570e-06,  5.2824e-05],\n",
       "          [ 0.0000e+00, -9.8122e-06,  7.1424e-05,  3.6221e-06,  5.7213e-05,\n",
       "            2.6566e-12, -9.3030e-05,  5.5825e-04,  2.8044e-05,  3.4560e-04],\n",
       "          [ 0.0000e+00, -4.7570e-07,  3.6263e-06, -3.1174e-06,  2.7671e-06,\n",
       "            1.2742e-13, -4.4570e-06,  2.8044e-05, -2.4960e-05,  1.6494e-05],\n",
       "          [-0.0000e+00, -7.4771e-06,  5.8278e-05,  2.8155e-06,  3.7998e-05,\n",
       "            1.5059e-12, -5.2824e-05,  3.4560e-04,  1.6494e-05,  1.4839e-04],\n",
       "          [ 0.0000e+00,  0.0000e+00,  0.0000e+00,  0.0000e+00, -0.0000e+00,\n",
       "            0.0000e+00,  0.0000e+00,  0.0000e+00,  0.0000e+00, -0.0000e+00],\n",
       "          [ 0.0000e+00, -5.1040e-08,  4.2822e-07,  2.0966e-08,  3.9760e-07,\n",
       "            0.0000e+00, -1.3254e-06,  9.8122e-06,  4.7570e-07,  7.4771e-06],\n",
       "          [ 0.0000e+00, -4.2822e-07,  3.5016e-06,  1.7736e-07,  3.3962e-06,\n",
       "            0.0000e+00, -1.0253e-05,  7.1424e-05,  3.6263e-06,  5.8278e-05],\n",
       "          [ 0.0000e+00, -2.0966e-08,  1.7736e-07, -1.1011e-07,  1.6618e-07,\n",
       "            0.0000e+00, -4.9656e-07,  3.6221e-06, -3.1174e-06,  2.8155e-06],\n",
       "          [-0.0000e+00, -3.9760e-07,  3.3962e-06,  1.6618e-07,  3.0011e-06,\n",
       "           -0.0000e+00, -7.6766e-06,  5.7213e-05,  2.7671e-06,  3.7998e-05]],\n",
       " \n",
       "         [[ 0.0000e+00,  0.0000e+00,  0.0000e+00,  0.0000e+00, -0.0000e+00,\n",
       "            0.0000e+00,  2.2824e-13, -2.5562e-12, -2.5566e-13, -1.7301e-12],\n",
       "          [ 0.0000e+00, -1.3254e-06,  9.5647e-06,  1.1916e-06,  8.4494e-06,\n",
       "            2.2824e-13, -1.3714e-05,  8.8231e-05,  8.8213e-06,  6.0018e-05],\n",
       "          [ 0.0000e+00, -9.1424e-06,  6.1417e-05,  8.2515e-06,  5.8729e-05,\n",
       "            2.5562e-12, -8.8231e-05,  4.9706e-04,  5.4292e-05,  3.7224e-04],\n",
       "          [ 0.0000e+00, -1.1558e-06,  8.3794e-06, -2.2802e-06,  7.1446e-06,\n",
       "            2.5566e-13, -8.8213e-06,  5.4292e-05, -2.1151e-05,  3.4657e-05],\n",
       "          [-0.0000e+00, -8.2153e-06,  5.9787e-05,  7.1635e-06,  4.7167e-05,\n",
       "            1.7301e-12, -6.0018e-05,  3.7224e-04,  3.4657e-05,  2.0577e-04],\n",
       "          [ 0.0000e+00,  0.0000e+00,  0.0000e+00,  0.0000e+00, -0.0000e+00,\n",
       "            0.0000e+00,  0.0000e+00,  0.0000e+00,  0.0000e+00, -0.0000e+00],\n",
       "          [ 0.0000e+00, -5.1039e-08,  3.9287e-07,  5.8879e-08,  4.2905e-07,\n",
       "            0.0000e+00, -1.3254e-06,  9.1424e-06,  1.1558e-06,  8.2153e-06],\n",
       "          [ 0.0000e+00, -3.9287e-07,  2.9225e-06,  4.6070e-07,  3.3620e-06,\n",
       "            0.0000e+00, -9.5647e-06,  6.1417e-05,  8.3794e-06,  5.9787e-05],\n",
       "          [ 0.0000e+00, -5.8879e-08,  4.6070e-07, -5.0147e-08,  4.9988e-07,\n",
       "            0.0000e+00, -1.1916e-06,  8.2515e-06, -2.2802e-06,  7.1635e-06],\n",
       "          [-0.0000e+00, -4.2905e-07,  3.3620e-06,  4.9988e-07,  3.5202e-06,\n",
       "           -0.0000e+00, -8.4494e-06,  5.8729e-05,  7.1446e-06,  4.7167e-05]]],\n",
       "        dtype=torch.float64),\n",
       " (-3,\n",
       "  -3,\n",
       "  0): tensor([[[ 0.0000e+00,  1.3461e-11, -1.5300e-10,  0.0000e+00, -8.3744e-11,\n",
       "            0.0000e+00,  2.6866e-12, -3.3610e-11,  0.0000e+00, -1.0717e-11],\n",
       "          [ 1.3521e-11, -3.5648e-05,  2.2570e-04,  0.0000e+00,  1.2189e-04,\n",
       "            2.6866e-12, -2.3442e-05,  1.6626e-04,  0.0000e+00,  5.3658e-05],\n",
       "          [ 1.5343e-10, -2.2304e-04,  1.1583e-03,  0.0000e+00,  6.8400e-04,\n",
       "            3.3610e-11, -1.6626e-04,  9.9862e-04,  0.0000e+00,  3.5001e-04],\n",
       "          [ 0.0000e+00,  0.0000e+00,  0.0000e+00, -5.8082e-05, -0.0000e+00,\n",
       "            0.0000e+00,  0.0000e+00,  0.0000e+00, -4.1254e-05, -0.0000e+00],\n",
       "          [ 8.4151e-11, -1.2399e-04,  7.0893e-04, -0.0000e+00,  2.6950e-04,\n",
       "            1.0717e-11, -5.3658e-05,  3.5001e-04, -0.0000e+00,  3.0159e-05],\n",
       "          [ 0.0000e+00,  5.7883e-12, -5.7919e-11,  0.0000e+00, -4.8350e-11,\n",
       "            0.0000e+00,  1.3521e-11, -1.5343e-10,  0.0000e+00, -8.4151e-11],\n",
       "          [ 5.7883e-12, -2.8515e-05,  1.6095e-04,  0.0000e+00,  1.3347e-04,\n",
       "            1.3461e-11, -3.5648e-05,  2.2304e-04,  0.0000e+00,  1.2399e-04],\n",
       "          [ 5.7919e-11, -1.6095e-04,  7.2684e-04,  0.0000e+00,  6.8501e-04,\n",
       "            1.5300e-10, -2.2570e-04,  1.1583e-03,  0.0000e+00,  7.0893e-04],\n",
       "          [ 0.0000e+00,  0.0000e+00,  0.0000e+00, -4.8463e-05, -0.0000e+00,\n",
       "            0.0000e+00,  0.0000e+00,  0.0000e+00, -5.8082e-05, -0.0000e+00],\n",
       "          [ 4.8350e-11, -1.3347e-04,  6.8501e-04, -0.0000e+00,  4.6843e-04,\n",
       "            8.3744e-11, -1.2189e-04,  6.8400e-04, -0.0000e+00,  2.6950e-04]],\n",
       " \n",
       "         [[ 0.0000e+00,  1.3446e-11, -1.7141e-10, -7.8575e-12,  3.0307e-11,\n",
       "            0.0000e+00,  2.6864e-12, -3.2877e-11, -1.4865e-12,  1.2648e-11],\n",
       "          [ 1.3486e-11, -3.5647e-05,  2.5208e-04,  1.1525e-05, -4.6055e-05,\n",
       "            2.6864e-12, -2.3442e-05,  1.6312e-04,  7.3631e-06, -6.2118e-05],\n",
       "          [ 1.7185e-10, -2.5132e-04,  1.4872e-03,  7.0612e-05, -2.9432e-04,\n",
       "            3.2877e-11, -1.6312e-04,  9.5936e-04,  4.5124e-05, -3.9604e-04],\n",
       "          [ 7.8968e-12, -1.1499e-05,  7.0679e-05, -5.4852e-05, -1.3625e-05,\n",
       "            1.4865e-12, -7.3631e-06,  4.5124e-05, -3.9221e-05, -1.8000e-05],\n",
       "          [-3.0228e-11,  4.2761e-05, -2.6942e-04, -1.2474e-05, -6.2584e-05,\n",
       "           -1.2648e-11,  6.2118e-05, -3.9604e-04, -1.8000e-05,  6.7383e-05],\n",
       "          [ 0.0000e+00,  5.7695e-12, -7.5118e-11, -3.5072e-12, -1.4952e-12,\n",
       "            0.0000e+00,  1.3486e-11, -1.7185e-10, -7.8968e-12,  3.0228e-11],\n",
       "          [ 5.7695e-12, -2.8515e-05,  2.0884e-04,  9.6689e-06,  3.4747e-06,\n",
       "            1.3446e-11, -3.5647e-05,  2.5132e-04,  1.1499e-05, -4.2761e-05],\n",
       "          [ 7.5118e-11, -2.0884e-04,  1.2915e-03,  6.2041e-05,  2.2954e-05,\n",
       "            1.7141e-10, -2.5208e-04,  1.4872e-03,  7.0679e-05, -2.6942e-04],\n",
       "          [ 3.5072e-12, -9.6689e-06,  6.2041e-05, -4.5592e-05,  9.1520e-07,\n",
       "            7.8575e-12, -1.1525e-05,  7.0612e-05, -5.4852e-05, -1.2474e-05],\n",
       "          [ 1.4952e-12, -3.4747e-06,  2.2954e-05,  9.1520e-07, -9.9079e-05,\n",
       "           -3.0307e-11,  4.6055e-05, -2.9432e-04, -1.3625e-05, -6.2584e-05]],\n",
       " \n",
       "         [[ 0.0000e+00,  1.3443e-11, -1.7349e-10, -1.1446e-12,  1.5665e-11,\n",
       "            0.0000e+00,  2.6889e-12, -3.3890e-11,  5.9531e-13,  9.7725e-12],\n",
       "          [ 1.3468e-11, -3.5647e-05,  2.5533e-04,  1.5218e-06, -2.4530e-05,\n",
       "            2.6889e-12, -2.3442e-05,  1.6800e-04, -2.8381e-06, -4.7842e-05],\n",
       "          [ 1.7398e-10, -2.5429e-04,  1.5268e-03,  8.5703e-06, -1.5948e-04,\n",
       "            3.3890e-11, -1.6800e-04,  1.0224e-03, -1.9294e-05, -3.1384e-04],\n",
       "          [ 1.1733e-12, -1.8907e-06,  1.1570e-05, -5.8810e-05, -7.6717e-06,\n",
       "           -5.9531e-13,  2.8381e-06, -1.9294e-05, -4.1562e-05,  2.8055e-07],\n",
       "          [-1.5537e-11,  2.1335e-05, -1.3473e-04, -7.2360e-06, -9.8259e-05,\n",
       "           -9.7725e-12,  4.7842e-05, -3.1384e-04,  2.8055e-07,  6.6550e-06],\n",
       "          [ 0.0000e+00,  5.7602e-12, -7.4637e-11, -2.2526e-12, -7.7468e-12,\n",
       "            0.0000e+00,  1.3468e-11, -1.7398e-10, -1.1733e-12,  1.5537e-11],\n",
       "          [ 5.7602e-12, -2.8515e-05,  2.0795e-04,  6.1855e-06,  2.0860e-05,\n",
       "            1.3443e-11, -3.5647e-05,  2.5429e-04,  1.8907e-06, -2.1335e-05],\n",
       "          [ 7.4637e-11, -2.0795e-04,  1.2797e-03,  4.0114e-05,  1.3825e-04,\n",
       "            1.7349e-10, -2.5533e-04,  1.5268e-03,  1.1570e-05, -1.3473e-04],\n",
       "          [ 2.2526e-12, -6.1855e-06,  4.0114e-05, -4.8001e-05, -1.9779e-06,\n",
       "            1.1446e-12, -1.5218e-06,  8.5703e-06, -5.8810e-05, -7.2360e-06],\n",
       "          [ 7.7468e-12, -2.0860e-05,  1.3825e-04, -1.9779e-06, -8.4883e-05,\n",
       "           -1.5665e-11,  2.4530e-05, -1.5948e-04, -7.6717e-06, -9.8259e-05]]],\n",
       "        dtype=torch.float64),\n",
       " (-3,\n",
       "  -2,\n",
       "  0): tensor([[[ 0.0000e+00,  2.6343e-08, -2.2497e-07,  0.0000e+00, -2.4740e-07,\n",
       "            0.0000e+00,  2.0650e-07, -2.1378e-06,  0.0000e+00, -1.5005e-06],\n",
       "          [ 2.2474e-08, -2.6856e-04,  1.0667e-03,  0.0000e+00,  1.1968e-03,\n",
       "            2.0650e-07, -4.8534e-04,  2.2053e-03,  0.0000e+00,  1.5643e-03],\n",
       "          [ 1.9111e-07, -1.0525e-03,  2.7216e-03,  0.0000e+00,  3.7584e-03,\n",
       "            2.1378e-06, -2.2053e-03,  6.6098e-03,  0.0000e+00,  5.4453e-03],\n",
       "          [ 0.0000e+00,  0.0000e+00,  0.0000e+00, -3.0988e-04, -0.0000e+00,\n",
       "            0.0000e+00,  0.0000e+00,  0.0000e+00, -4.9924e-04, -0.0000e+00],\n",
       "          [ 2.1304e-07, -1.1658e-03,  3.7152e-03, -0.0000e+00,  3.4779e-03,\n",
       "            1.5005e-06, -1.5643e-03,  5.4453e-03, -0.0000e+00,  2.8607e-03],\n",
       "          [ 0.0000e+00,  2.7060e-10, -1.7773e-09,  0.0000e+00, -2.9735e-09,\n",
       "            0.0000e+00,  2.2474e-08, -1.9111e-07,  0.0000e+00, -2.1304e-07],\n",
       "          [ 2.7060e-10, -8.2225e-05,  2.7983e-04,  0.0000e+00,  4.6853e-04,\n",
       "            2.6343e-08, -2.6856e-04,  1.0525e-03,  0.0000e+00,  1.1658e-03],\n",
       "          [ 1.7773e-09, -2.7983e-04,  5.9918e-04,  0.0000e+00,  1.3667e-03,\n",
       "            2.2497e-07, -1.0667e-03,  2.7216e-03,  0.0000e+00,  3.7152e-03],\n",
       "          [ 0.0000e+00,  0.0000e+00,  0.0000e+00, -1.1561e-04, -0.0000e+00,\n",
       "            0.0000e+00,  0.0000e+00,  0.0000e+00, -3.0988e-04, -0.0000e+00],\n",
       "          [ 2.9735e-09, -4.6853e-04,  1.3667e-03, -0.0000e+00,  2.0668e-03,\n",
       "            2.4740e-07, -1.1968e-03,  3.7584e-03, -0.0000e+00,  3.4779e-03]],\n",
       " \n",
       "         [[ 0.0000e+00,  2.6360e-08, -3.2995e-07, -1.5413e-08, -5.2332e-08,\n",
       "            0.0000e+00,  2.0643e-07, -2.6037e-06, -1.1994e-07,  1.6626e-07],\n",
       "          [ 2.2491e-08, -2.6856e-04,  1.5791e-03,  7.3812e-05,  2.6671e-04,\n",
       "            2.0643e-07, -4.8534e-04,  2.6962e-03,  1.2424e-04, -1.5871e-04],\n",
       "          [ 2.8209e-07, -1.5487e-03,  6.6494e-03,  3.2537e-04,  1.2027e-03,\n",
       "            2.6037e-06, -2.6962e-03,  1.0435e-02,  5.0382e-04, -6.4381e-04],\n",
       "          [ 1.3185e-08, -7.2363e-05,  3.2527e-04, -2.9467e-04,  5.5170e-05,\n",
       "            1.1994e-07, -1.2424e-04,  5.0382e-04, -4.7602e-04, -3.1214e-05],\n",
       "          [ 4.6700e-08, -2.5135e-04,  1.1595e-03,  5.3172e-05, -4.6525e-04,\n",
       "           -1.6626e-07,  1.5871e-04, -6.4381e-04, -3.1214e-05, -9.8743e-04],\n",
       "          [ 0.0000e+00,  2.7050e-10, -3.2410e-09, -1.5368e-10, -1.2078e-09,\n",
       "            0.0000e+00,  2.2491e-08, -2.8209e-07, -1.3185e-08, -4.6700e-08],\n",
       "          [ 2.7050e-10, -8.2224e-05,  5.1081e-04,  2.4181e-05,  1.9056e-04,\n",
       "            2.6360e-08, -2.6856e-04,  1.5487e-03,  7.2363e-05,  2.5135e-04],\n",
       "          [ 3.2410e-09, -5.1081e-04,  2.5014e-03,  1.2400e-04,  1.0125e-03,\n",
       "            3.2995e-07, -1.5791e-03,  6.6494e-03,  3.2527e-04,  1.1595e-03],\n",
       "          [ 1.5368e-10, -2.4181e-05,  1.2400e-04, -1.0973e-04,  4.7630e-05,\n",
       "            1.5413e-08, -7.3812e-05,  3.2537e-04, -2.9467e-04,  5.3172e-05],\n",
       "          [ 1.2078e-09, -1.9056e-04,  1.0125e-03,  4.7630e-05,  1.5870e-04,\n",
       "            5.2332e-08, -2.6671e-04,  1.2027e-03,  5.5170e-05, -4.6525e-04]],\n",
       " \n",
       "         [[ 0.0000e+00,  2.6374e-08, -3.2450e-07, -1.5313e-08, -7.9290e-08,\n",
       "            0.0000e+00,  2.0636e-07, -2.6107e-06, -5.2327e-08, -5.2748e-08],\n",
       "          [ 2.2507e-08, -2.6856e-04,  1.5518e-03,  7.5215e-05,  3.9558e-04,\n",
       "            2.0636e-07, -4.8534e-04,  2.7023e-03,  5.5776e-05,  6.7927e-05],\n",
       "          [ 2.7726e-07, -1.5227e-03,  6.4071e-03,  3.3259e-04,  1.7703e-03,\n",
       "            2.6107e-06, -2.7023e-03,  1.0480e-02,  2.3202e-04,  3.2062e-04],\n",
       "          [ 1.3324e-08, -7.2555e-05,  3.2739e-04, -2.9901e-04,  4.2211e-05,\n",
       "            5.2327e-08, -5.5776e-05,  2.3202e-04, -5.0193e-04, -5.5869e-05],\n",
       "          [ 6.9724e-08, -3.7785e-04,  1.7274e-03,  4.1459e-05, -2.1854e-04,\n",
       "            5.2748e-08, -6.7927e-05,  3.2062e-04, -5.5869e-05, -1.0072e-03],\n",
       "          [ 0.0000e+00,  2.7048e-10, -3.1273e-09, -2.3254e-10, -1.4646e-09,\n",
       "            0.0000e+00,  2.2507e-08, -2.7726e-07, -1.3324e-08, -6.9724e-08],\n",
       "          [ 2.7048e-10, -8.2224e-05,  4.9301e-04,  3.6667e-05,  2.3113e-04,\n",
       "            2.6374e-08, -2.6856e-04,  1.5227e-03,  7.2555e-05,  3.7785e-04],\n",
       "          [ 3.1273e-09, -4.9301e-04,  2.3153e-03,  1.8641e-04,  1.1860e-03,\n",
       "            3.2450e-07, -1.5518e-03,  6.4071e-03,  3.2739e-04,  1.7274e-03],\n",
       "          [ 2.3254e-10, -3.6667e-05,  1.8641e-04, -1.0315e-04,  7.5827e-05,\n",
       "            1.5313e-08, -7.5215e-05,  3.3259e-04, -2.9901e-04,  4.1459e-05],\n",
       "          [ 1.4646e-09, -2.3113e-04,  1.1860e-03,  7.5827e-05,  3.3818e-04,\n",
       "            7.9290e-08, -3.9558e-04,  1.7703e-03,  4.2211e-05, -2.1854e-04]]],\n",
       "        dtype=torch.float64),\n",
       " (-3,\n",
       "  -1,\n",
       "  0): tensor([[[ 0.0000e+00,  3.4812e-08, -1.4663e-07,  0.0000e+00, -4.1654e-07,\n",
       "            0.0000e+00,  1.1800e-05, -7.4903e-05,  0.0000e+00, -1.2534e-04],\n",
