{
 "cells": [
  {
   "cell_type": "code",
   "execution_count": 1,
   "id": "9f773401-a350-42f4-a165-e7c3a3b8aac8",
   "metadata": {},
   "outputs": [],
   "source": [
    "%load_ext autoreload\n",
    "%autoreload 2"
   ]
  },
  {
   "cell_type": "code",
   "execution_count": 2,
   "id": "a1da3106-6113-416f-a54a-ee8bffc3a2bf",
   "metadata": {},
   "outputs": [
    {
     "data": {
      "text/plain": [
       "'/home/saade/mlelec'"
      ]
     },
     "execution_count": 2,
     "metadata": {},
     "output_type": "execute_result"
    }
   ],
   "source": [
    "pwd"
   ]
  },
  {
   "cell_type": "code",
   "execution_count": 3,
   "id": "d909b639-d8bd-4241-9774-648935911f9f",
   "metadata": {},
   "outputs": [],
   "source": [
    "import torch\n",
    "import numpy as np\n",
    "import ase\n",
    "from ase.io import read\n",
    "import json\n",
    "from ase.units import Hartree\n",
    "import hickle"
   ]
  },
  {
   "cell_type": "code",
   "execution_count": 4,
   "id": "0ff2b3ce-432b-4f93-83cb-2f83a3c62a04",
   "metadata": {},
   "outputs": [],
   "source": [
    "torch.set_default_dtype(torch.float64) # Set default dtype og torch to avoid numerical errors"
   ]
  },
  {
   "cell_type": "code",
   "execution_count": 5,
   "id": "ac53c24c-fd75-4d6c-b9d1-033cddbbbf83",
   "metadata": {},
   "outputs": [
    {
     "data": {
      "text/plain": [
       "'/home/saade/mlelec'"
      ]
     },
     "execution_count": 5,
     "metadata": {},
     "output_type": "execute_result"
    }
   ],
   "source": [
    "pwd"
   ]
  },
  {
   "cell_type": "code",
   "execution_count": 6,
   "id": "c955dedf-3405-4614-abd3-5221426ed94c",
   "metadata": {},
   "outputs": [
    {
     "name": "stdout",
     "output_type": "stream",
     "text": [
      "(1000, 98, 98)\n"
     ]
    }
   ],
   "source": [
    "fock_ethane = np.load('examples/data/ethane/b3lypg_def2tzvp/focks.npy')\n",
    "print(fock_ethane.shape)\n",
    "fock_ethane = list(fock_ethane)"
   ]
  },
  {
   "cell_type": "code",
   "execution_count": 7,
   "id": "58abb9be-397a-4ff8-83ff-eaffb890bcb7",
   "metadata": {},
   "outputs": [],
   "source": [
    "fock_ethene = np.load('examples/data/ethene/b3lypg_def2tzvp/focks.npy')\n",
    "for i in fock_ethene:\n",
    "    fock_ethane.append(i)"
   ]
  },
  {
   "cell_type": "code",
   "execution_count": 8,
   "id": "05f197d3-7d66-42c7-a01e-f8c4c2a823a3",
   "metadata": {},
   "outputs": [
    {
     "data": {
      "text/plain": [
       "2000"
      ]
     },
     "execution_count": 8,
     "metadata": {},
     "output_type": "execute_result"
    }
   ],
   "source": [
    "len(fock_ethane)"
   ]
  },
  {
   "cell_type": "code",
   "execution_count": 9,
   "id": "ce1ee6bb-0fed-48c4-9628-7ce67038c07a",
   "metadata": {},
   "outputs": [],
   "source": [
    "fock_butadiene = np.load('examples/data/butadiene/b3lypg_def2tzvp/focks.npy')\n",
    "for j in fock_butadiene:\n",
    "    fock_ethane.append(j)"
   ]
  },
  {
   "cell_type": "code",
   "execution_count": 11,
   "id": "d0c4e29d-8cf8-4f96-a1d7-f650b9b7d05d",
   "metadata": {},
   "outputs": [],
   "source": [
    "fock_hexane = np.load('examples/data/hexane/b3lypg_def2tzvp/focks.npy')\n",
    "for k in fock_hexane:\n",
    "    fock_ethane.append(k)"
   ]
  },
  {
   "cell_type": "code",
   "execution_count": 13,
   "id": "371c99c9-c3ba-490a-ba50-b2c5aa8c6733",
   "metadata": {},
   "outputs": [],
   "source": [
    "fock_hexatriene = np.load('examples/data/hexatriene/b3lypg_def2tzvp/focks.npy')\n",
    "for l in fock_hexatriene:\n",
    "    fock_ethane.append(l)"
   ]
  },
  {
   "cell_type": "code",
   "execution_count": 14,
   "id": "67e52d3b-3322-48b0-b5c6-325a1acad35c",
   "metadata": {},
   "outputs": [],
   "source": [
    "fock_styrene = np.load('examples/data/styrene/b3lypg_def2tzvp/focks.npy')\n",
    "for m in fock_styrene:\n",
    "    fock_ethane.append(m)"
   ]
  },
  {
   "cell_type": "code",
   "execution_count": 16,
   "id": "4c96aa8c-6096-45a6-bdc4-e90eab75ddfe",
   "metadata": {},
   "outputs": [],
   "source": [
    "fock_isoprene = np.load('examples/data/isoprene/b3lypg_def2tzvp/focks.npy')\n",
    "for n in fock_isoprene:\n",
    "    fock_ethane.append(n)"
   ]
  },
  {
   "cell_type": "code",
   "execution_count": 17,
   "id": "60fbbf60-91d2-4801-8f6f-89c1a91693ec",
   "metadata": {},
   "outputs": [
    {
     "data": {
      "text/plain": [
       "7000"
      ]
     },
     "execution_count": 17,
     "metadata": {},
     "output_type": "execute_result"
    }
   ],
   "source": [
    "len(fock_ethane)"
   ]
  },
  {
   "cell_type": "code",
   "execution_count": 19,
   "id": "d62f936c-5618-4673-986d-8022445a9fea",
   "metadata": {},
   "outputs": [],
   "source": [
    "hickle.dump(fock_ethane, 'focks_def2tzvp.hickle')"
   ]
  },
  {
   "cell_type": "code",
   "execution_count": 33,
   "id": "2c60ad82-6efd-4409-8e89-1365d3c260ec",
   "metadata": {},
   "outputs": [
    {
     "data": {
      "text/plain": [
       "'/home/saade/mlelec'"
      ]
     },
     "execution_count": 33,
     "metadata": {},
     "output_type": "execute_result"
    }
   ],
   "source": [
    "pwd"
   ]
  },
  {
   "cell_type": "code",
   "execution_count": 34,
   "id": "0e9aa3ed-e7c9-44a2-a13c-f3619343ffb3",
   "metadata": {},
   "outputs": [],
   "source": [
    "fock_sto3g = hickle.load('examples/data/acs/sto-3g/fock.hickle')"
   ]
  },
  {
   "cell_type": "code",
   "execution_count": 35,
   "id": "0ea6b99a-db38-4abe-a1be-ff2e5aded880",
   "metadata": {
    "scrolled": true
   },
   "outputs": [
    {
     "data": {
      "text/plain": [
       "array([array([[-1.10287235e+01, -2.97307584e+00,  1.26402649e-05,\n",
       "                9.59114410e-04,  9.83287056e-04, -7.46190931e-05,\n",
       "               -3.68791632e-01,  6.11527567e-01, -1.71061518e-02,\n",
       "               -3.50142009e-02, -7.59476925e-01, -6.98046471e-01,\n",
       "               -7.63527408e-01, -7.29098430e-02, -6.30632776e-02,\n",
       "               -6.51314020e-02],\n",
       "              [-2.97307584e+00, -1.56991936e+00, -3.87624070e-02,\n",
       "                1.85531363e-02,  1.78212156e-02, -3.68713784e-01,\n",
       "               -5.89808851e-01,  5.60205643e-01, -1.58798560e-02,\n",
       "               -2.98912107e-02, -7.38127947e-01, -6.99121693e-01,\n",
       "               -7.39380977e-01, -1.85203189e-01, -1.70525319e-01,\n",
       "               -1.70143738e-01],\n",
       "              [ 1.26402649e-05, -3.87624070e-02, -3.30902190e-01,\n",
       "               -7.40045069e-04,  1.13233545e-02, -6.11414740e-01,\n",
       "               -5.59548291e-01,  3.16602369e-01, -1.57888080e-02,\n",
       "               -2.66762422e-02,  1.22698573e-01,  1.55125498e-01,\n",
       "                1.48118456e-01, -1.96244927e-01, -1.81017128e-01,\n",
       "               -1.72047516e-01],\n",
       "              [ 9.59114410e-04,  1.85531363e-02, -7.40045069e-04,\n",
       "               -2.82928848e-01, -3.46996694e-03,  1.70679696e-02,\n",
       "                1.63205539e-02, -1.43065358e-02, -1.66597534e-01,\n",
       "                9.99158815e-04,  2.40744402e-02, -3.47444929e-01,\n",
       "                3.73862111e-01, -1.01023720e-02, -4.19904287e-02,\n",
       "                6.93649648e-02],\n",
       "              [ 9.83287056e-04,  1.78212156e-02,  1.13233545e-02,\n",
       "               -3.46996694e-03, -2.79811704e-01,  3.50087236e-02,\n",
       "                3.18703762e-02, -2.70833984e-02, -2.16964041e-04,\n",
       "               -1.68529368e-01,  4.26251798e-01, -1.93911247e-01,\n",
       "               -1.81369324e-01, -5.70100396e-02,  5.30719019e-02,\n",
       "                3.69774605e-02],\n",
       "              [-7.46190931e-05, -3.68713784e-01, -6.11414740e-01,\n",
       "                1.70679696e-02,  3.50087236e-02, -1.10292179e+01,\n",
       "               -2.97286949e+00, -1.76078638e-04, -6.52261081e-04,\n",
       "                2.41367970e-06, -8.72359565e-02, -5.68155307e-02,\n",
       "               -7.00854548e-02, -7.59803252e-01, -7.50585857e-01,\n",
       "               -6.62768605e-01],\n",
       "              [-3.68791632e-01, -5.89808851e-01, -5.59548291e-01,\n",
       "                1.63205539e-02,  3.18703762e-02, -2.97286949e+00,\n",
       "               -1.56575630e+00,  3.78090686e-02, -1.43744981e-02,\n",
       "               -2.92133369e-03, -2.06914054e-01, -1.58007220e-01,\n",
       "               -1.81674085e-01, -7.35602001e-01, -7.30439004e-01,\n",
       "               -6.78385495e-01],\n",
       "              [ 6.11527567e-01,  5.60205643e-01,  3.16602369e-01,\n",
       "               -1.43065358e-02, -2.70833984e-02, -1.76078638e-04,\n",
       "                3.78090686e-02, -3.33077936e-01, -1.16140704e-02,\n",
       "                5.45840834e-03,  2.10331405e-01,  1.67005828e-01,\n",
       "                1.90648040e-01, -1.65786843e-01, -1.60477787e-01,\n",
       "               -1.15099247e-01],\n",
       "              [-1.71061518e-02, -1.58798560e-02, -1.57888080e-02,\n",
       "               -1.66597534e-01, -2.16964041e-04, -6.52261081e-04,\n",
       "               -1.43744981e-02, -1.16140704e-02, -2.60691282e-01,\n",
       "               -4.21676327e-03, -1.03997524e-03, -5.68994166e-02,\n",
       "                5.77147617e-02, -8.52124278e-02, -3.01934552e-01,\n",
       "                3.76692572e-01],\n",
       "              [-3.50142009e-02, -2.98912107e-02, -2.66762422e-02,\n",
       "                9.99158815e-04, -1.68529368e-01,  2.41367970e-06,\n",
       "               -2.92133369e-03,  5.45840834e-03, -4.21676327e-03,\n",
       "               -2.85133161e-01,  7.10092369e-02, -3.83047276e-02,\n",
       "               -3.91363837e-02, -3.97762263e-01,  2.76012994e-01,\n",
       "                1.60753831e-01],\n",
       "              [-7.59476925e-01, -7.38127947e-01,  1.22698573e-01,\n",
       "                2.40744402e-02,  4.26251798e-01, -8.72359565e-02,\n",
       "               -2.06914054e-01,  2.10331405e-01, -1.03997524e-03,\n",
       "                7.10092369e-02, -4.74173730e-01, -2.38766088e-01,\n",
       "               -2.77219043e-01, -4.39056728e-02, -8.08217786e-02,\n",
       "               -7.73996852e-02],\n",
       "              [-6.98046471e-01, -6.99121693e-01,  1.55125498e-01,\n",
       "               -3.47444929e-01, -1.93911247e-01, -5.68155307e-02,\n",
       "               -1.58007220e-01,  1.67005828e-01, -5.68994166e-02,\n",
       "               -3.83047276e-02, -2.38766088e-01, -4.39187889e-01,\n",
       "               -2.40132277e-01, -6.68679885e-02, -5.22472293e-02,\n",
       "               -3.16525876e-02],\n",
       "              [-7.63527408e-01, -7.39380977e-01,  1.48118456e-01,\n",
       "                3.73862111e-01, -1.81369324e-01, -7.00854548e-02,\n",
       "               -1.81674085e-01,  1.90648040e-01,  5.77147617e-02,\n",
       "               -3.91363837e-02, -2.77219043e-01, -2.40132277e-01,\n",
       "               -4.75168170e-01, -6.27937907e-02, -3.72729032e-02,\n",
       "               -7.33280629e-02],\n",
       "              [-7.29098430e-02, -1.85203189e-01, -1.96244927e-01,\n",
       "               -1.01023720e-02, -5.70100396e-02, -7.59803252e-01,\n",
       "               -7.35602001e-01, -1.65786843e-01, -8.52124278e-02,\n",
       "               -3.97762263e-01, -4.39056728e-02, -6.68679885e-02,\n",
       "               -6.27937907e-02, -4.71717531e-01, -2.65930484e-01,\n",
       "               -2.23738628e-01],\n",
       "              [-6.30632776e-02, -1.70525319e-01, -1.81017128e-01,\n",
       "               -4.19904287e-02,  5.30719019e-02, -7.50585857e-01,\n",
       "               -7.30439004e-01, -1.60477787e-01, -3.01934552e-01,\n",
       "                2.76012994e-01, -8.08217786e-02, -5.22472293e-02,\n",
       "               -3.72729032e-02, -2.65930484e-01, -4.67586400e-01,\n",
       "               -2.50471830e-01],\n",
       "              [-6.51314020e-02, -1.70143738e-01, -1.72047516e-01,\n",
       "                6.93649648e-02,  3.69774605e-02, -6.62768605e-01,\n",
       "               -6.78385495e-01, -1.15099247e-01,  3.76692572e-01,\n",
       "                1.60753831e-01, -7.73996852e-02, -3.16525876e-02,\n",
       "               -7.33280629e-02, -2.23738628e-01, -2.50471830e-01,\n",
       "               -4.21635603e-01]])                                ,\n",
       "       array([[-1.10268267e+01, -2.97201411e+00,  6.70502105e-04,\n",
       "               -6.28084031e-04, -1.34584708e-03, -6.56110369e-05,\n",
       "               -3.52565150e-01,  5.82823806e-01, -1.20299373e-03,\n",
       "                6.95250089e-02, -6.80258273e-01, -7.49469619e-01,\n",
       "               -7.07221452e-01, -7.86720416e-02, -6.95927872e-02,\n",
       "               -6.06677539e-02],\n",
       "              [-2.97201411e+00, -1.55581147e+00, -2.54442628e-02,\n",
       "               -8.97284275e-03, -2.85478333e-02, -3.52923299e-01,\n",
       "               -5.72065775e-01,  5.43584804e-01, -1.51725439e-03,\n",
       "                6.13070364e-02, -6.86920022e-01, -7.28159394e-01,\n",
       "               -7.04733506e-01, -1.89141978e-01, -1.83085921e-01,\n",
       "               -1.65131475e-01],\n",
       "              [ 6.70502105e-04, -2.54442628e-02, -3.25178709e-01,\n",
       "                1.03094865e-02, -2.83920006e-02, -5.83383651e-01,\n",
       "               -5.43731070e-01,  3.09353024e-01, -2.67899272e-03,\n",
       "                5.41805034e-02,  2.04447802e-01,  1.47834548e-01,\n",
       "                1.28356242e-01, -1.94510748e-01, -1.85991966e-01,\n",
       "               -1.79269034e-01],\n",
       "              [-6.28084031e-04, -8.97284275e-03,  1.03094865e-02,\n",
       "               -2.69012373e-01,  4.64583566e-03,  1.12967851e-03,\n",
       "                1.50482189e-03,  3.41480966e-04, -1.64372850e-01,\n",
       "               -1.31873946e-03, -2.16578690e-02, -3.60017142e-01,\n",
       "                3.47283094e-01,  5.63418084e-02,  1.88120010e-02,\n",
       "               -5.58505752e-02],\n",
       "              [-1.34584708e-03, -2.85478333e-02, -2.83920006e-02,\n",
       "                4.64583566e-03, -2.54526159e-01, -6.94791730e-02,\n",
       "               -6.24984181e-02,  5.08681262e-02,  3.07250112e-04,\n",
       "               -1.55367968e-01,  3.71052778e-01, -2.10407615e-01,\n",
       "               -2.28209568e-01,  2.95106132e-02, -8.80441709e-02,\n",
       "               -8.29093737e-05],\n",
       "              [-6.56110369e-05, -3.52923299e-01, -5.83383651e-01,\n",
       "                1.12967851e-03, -6.94791730e-02, -1.10313283e+01,\n",
       "               -2.97393514e+00, -3.22936059e-04,  4.59933384e-04,\n",
       "               -2.73765495e-04, -3.74731162e-02, -7.48713371e-02,\n",
       "               -7.88160403e-02, -6.99929602e-01, -8.37094141e-01,\n",
       "               -7.58811764e-01],\n",
       "              [-3.52565150e-01, -5.72065775e-01, -5.43731070e-01,\n",
       "                1.50482189e-03, -6.24984181e-02, -2.97393514e+00,\n",
       "               -1.57336124e+00,  2.65845422e-02,  5.24965721e-03,\n",
       "               -6.48483567e-03, -1.23041097e-01, -1.86320173e-01,\n",
       "               -1.90725161e-01, -7.01643395e-01, -7.83187503e-01,\n",
       "               -7.35551807e-01],\n",
       "              [ 5.82823806e-01,  5.43584804e-01,  3.09353024e-01,\n",
       "                3.41480966e-04,  5.08681262e-02, -3.22936059e-04,\n",
       "                2.65845422e-02, -3.23799027e-01, -1.25275773e-02,\n",
       "               -1.41024657e-02,  1.36760676e-01,  1.93769257e-01,\n",
       "                1.93957839e-01, -1.33193467e-01, -1.12040734e-01,\n",
       "               -1.90219697e-01],\n",
       "              [-1.20299373e-03, -1.51725439e-03, -2.67899272e-03,\n",
       "               -1.64372850e-01,  3.07250112e-04,  4.59933384e-04,\n",
       "                5.24965721e-03, -1.25275773e-02, -2.77702456e-01,\n",
       "                1.32244070e-02, -2.39018613e-03, -6.21035720e-02,\n",
       "                6.44400664e-02,  3.09091364e-01,  1.11112827e-01,\n",
       "               -3.74395009e-01],\n",
       "              [ 6.95250089e-02,  6.13070364e-02,  5.41805034e-02,\n",
       "               -1.31873946e-03, -1.55367968e-01, -2.73765495e-04,\n",
       "               -6.48483567e-03, -1.41024657e-02,  1.32244070e-02,\n",
       "               -3.03242115e-01,  5.74379980e-02, -1.51129671e-02,\n",
       "               -2.26760271e-02,  2.74604213e-01, -4.21812412e-01,\n",
       "                1.25899159e-01],\n",
       "              [-6.80258273e-01, -6.86920022e-01,  2.04447802e-01,\n",
       "               -2.16578690e-02,  3.71052778e-01, -3.74731162e-02,\n",
       "               -1.23041097e-01,  1.36760676e-01, -2.39018613e-03,\n",
       "                5.74379980e-02, -4.29259712e-01, -2.67066693e-01,\n",
       "               -2.28626709e-01, -5.35794834e-02, -2.93489203e-02,\n",
       "               -4.00965348e-02],\n",
       "              [-7.49469619e-01, -7.28159394e-01,  1.47834548e-01,\n",
       "               -3.60017142e-01, -2.10407615e-01, -7.48713371e-02,\n",
       "               -1.86320173e-01,  1.93769257e-01, -6.21035720e-02,\n",
       "               -1.51129671e-02, -2.67066693e-01, -4.65714388e-01,\n",
       "               -2.49633729e-01, -4.14661905e-02, -6.79700429e-02,\n",
       "               -7.10772733e-02],\n",
       "              [-7.07221452e-01, -7.04733506e-01,  1.28356242e-01,\n",
       "                3.47283094e-01, -2.28209568e-01, -7.88160403e-02,\n",
       "               -1.90725161e-01,  1.93957839e-01,  6.44400664e-02,\n",
       "               -2.26760271e-02, -2.28626709e-01, -2.49633729e-01,\n",
       "               -4.44930537e-01, -7.32368523e-02, -8.96938725e-02,\n",
       "               -3.81117297e-02],\n",
       "              [-7.86720416e-02, -1.89141978e-01, -1.94510748e-01,\n",
       "                5.63418084e-02,  2.95106132e-02, -6.99929602e-01,\n",
       "               -7.01643395e-01, -1.33193467e-01,  3.09091364e-01,\n",
       "                2.74604213e-01, -5.35794834e-02, -4.14661905e-02,\n",
       "               -7.32368523e-02, -4.40542119e-01, -2.61220990e-01,\n",
       "               -2.55977577e-01],\n",
       "              [-6.95927872e-02, -1.83085921e-01, -1.85991966e-01,\n",
       "                1.88120010e-02, -8.80441709e-02, -8.37094141e-01,\n",
       "               -7.83187503e-01, -1.12040734e-01,  1.11112827e-01,\n",
       "               -4.21812412e-01, -2.93489203e-02, -6.79700429e-02,\n",
       "               -8.96938725e-02, -2.61220990e-01, -5.17587294e-01,\n",
       "               -2.70111552e-01],\n",
       "              [-6.06677539e-02, -1.65131475e-01, -1.79269034e-01,\n",
       "               -5.58505752e-02, -8.29093737e-05, -7.58811764e-01,\n",
       "               -7.35551807e-01, -1.90219697e-01, -3.74395009e-01,\n",
       "                1.25899159e-01, -4.00965348e-02, -7.10772733e-02,\n",
       "               -3.81117297e-02, -2.55977577e-01, -2.70111552e-01,\n",
       "               -4.71463694e-01]])                                ,\n",
       "       array([[-1.10275122e+01, -2.97264974e+00,  6.50289706e-04,\n",
       "                1.73095564e-04,  2.81906467e-04, -6.29786098e-05,\n",
       "               -3.31241088e-01,  5.52737763e-01, -2.09094372e-02,\n",
       "                1.19196828e-02, -7.83924429e-01, -7.31402709e-01,\n",
       "               -7.54359777e-01, -7.82635446e-02, -6.70080962e-02,\n",
       "               -6.56395848e-02],\n",
       "              [-2.97264974e+00, -1.56243259e+00, -1.95683149e-02,\n",
       "                4.47177976e-03,  5.18060690e-03, -3.31333595e-01,\n",
       "               -5.47833777e-01,  5.27563032e-01, -1.90699447e-02,\n",
       "                9.90098078e-03, -7.49321996e-01, -7.18472186e-01,\n",
       "               -7.32727368e-01, -1.91884127e-01, -1.75095603e-01,\n",
       "               -1.75194510e-01],\n",
       "              [ 6.50289706e-04, -1.95683149e-02, -3.05671962e-01,\n",
       "                1.35514328e-02, -1.20529597e-02, -5.52880474e-01,\n",
       "               -5.29306952e-01,  3.13440649e-01, -1.76452598e-02,\n",
       "                7.88056518e-03,  1.58330895e-01,  1.56180427e-01,\n",
       "                1.17951165e-01, -1.98653376e-01, -1.84050776e-01,\n",
       "               -1.87192607e-01],\n",
       "              [ 1.73095564e-04,  4.47177976e-03,  1.35514328e-02,\n",
       "               -2.83797334e-01,  1.01325052e-02,  2.08377901e-02,\n",
       "                1.82509174e-02, -1.53418875e-02, -1.56622356e-01,\n",
       "                6.01974806e-04, -1.15068950e-02, -3.58223650e-01,\n",
       "                3.68096931e-01, -6.09243283e-02,  5.79694670e-02,\n",
       "                6.55821024e-03],\n",
       "              [ 2.81906467e-04,  5.18060690e-03, -1.20529597e-02,\n",
       "                1.01325052e-02, -2.81097782e-01, -1.19224133e-02,\n",
       "               -1.03146836e-02,  8.21109630e-03,  1.17638954e-03,\n",
       "               -1.54921617e-01,  4.13826833e-01, -1.92188562e-01,\n",
       "               -2.10191808e-01,  2.25853186e-02,  3.59224539e-02,\n",
       "               -6.59033952e-02],\n",
       "              [-6.29786098e-05, -3.31333595e-01, -5.52880474e-01,\n",
       "                2.08377901e-02, -1.19224133e-02, -1.10249305e+01,\n",
       "               -2.97328396e+00, -1.17769384e-03, -9.47633807e-04,\n",
       "               -3.75240803e-04, -6.05804434e-02, -5.70636799e-02,\n",
       "               -8.02564979e-02, -7.97963562e-01, -8.03478670e-01,\n",
       "               -8.55459353e-01],\n",
       "              [-3.31241088e-01, -5.47833777e-01, -5.29306952e-01,\n",
       "                1.82509174e-02, -1.03146836e-02, -2.97328396e+00,\n",
       "               -1.57870215e+00,  1.05089281e-02, -1.38136417e-02,\n",
       "               -6.52879065e-03, -1.64509597e-01, -1.57164208e-01,\n",
       "               -1.92272769e-01, -7.60149179e-01, -7.62849504e-01,\n",
       "               -7.92654146e-01],\n",
       "              [ 5.52737763e-01,  5.27563032e-01,  3.13440649e-01,\n",
       "               -1.53418875e-02,  8.21109630e-03, -1.17769384e-03,\n",
       "                1.05089281e-02, -3.14505443e-01,  2.69946965e-03,\n",
       "               -1.21454433e-02,  1.75156695e-01,  1.66681520e-01,\n",
       "                1.95474501e-01, -1.34562168e-01, -1.45548123e-01,\n",
       "               -1.61388992e-01],\n",
       "              [-2.09094372e-02, -1.90699447e-02, -1.76452598e-02,\n",
       "               -1.56622356e-01,  1.17638954e-03, -9.47633807e-04,\n",
       "               -1.38136417e-02,  2.69946965e-03, -3.02617370e-01,\n",
       "               -1.47612542e-02, -7.58415647e-03, -5.84723486e-02,\n",
       "                5.81701409e-02, -3.97711711e-01,  3.33051351e-01,\n",
       "                1.40479601e-04],\n",
       "              [ 1.19196828e-02,  9.90098078e-03,  7.88056518e-03,\n",
       "                6.01974806e-04, -1.54921617e-01, -3.75240803e-04,\n",
       "               -6.52879065e-03, -1.21454433e-02, -1.47612542e-02,\n",
       "               -3.08848779e-01,  6.38168953e-02, -2.47669063e-02,\n",
       "               -3.37013511e-02,  1.57527899e-01,  2.52925982e-01,\n",
       "               -4.22244765e-01],\n",
       "              [-7.83924429e-01, -7.49321996e-01,  1.58330895e-01,\n",
       "               -1.15068950e-02,  4.13826833e-01, -6.05804434e-02,\n",
       "               -1.64509597e-01,  1.75156695e-01, -7.58415647e-03,\n",
       "                6.38168953e-02, -4.85513319e-01, -2.74686504e-01,\n",
       "               -2.55593601e-01, -6.91065647e-02, -6.78887659e-02,\n",
       "               -3.70524189e-02],\n",
       "              [-7.31402709e-01, -7.18472186e-01,  1.56180427e-01,\n",
       "               -3.58223650e-01, -1.92188562e-01, -5.70636799e-02,\n",
       "               -1.57164208e-01,  1.66681520e-01, -5.84723486e-02,\n",
       "               -2.47669063e-02, -2.74686504e-01, -4.57192631e-01,\n",
       "               -2.43007140e-01, -7.51784277e-02, -3.50632448e-02,\n",
       "               -6.13264773e-02],\n",
       "              [-7.54359777e-01, -7.32727368e-01,  1.17951165e-01,\n",
       "                3.68096931e-01, -2.10191808e-01, -8.02564979e-02,\n",
       "               -1.92272769e-01,  1.95474501e-01,  5.81701409e-02,\n",
       "               -3.37013511e-02, -2.55593601e-01, -2.43007140e-01,\n",
       "               -4.69363677e-01, -4.49154168e-02, -7.52390499e-02,\n",
       "               -7.77173209e-02],\n",
       "              [-7.82635446e-02, -1.91884127e-01, -1.98653376e-01,\n",
       "               -6.09243283e-02,  2.25853186e-02, -7.97963562e-01,\n",
       "               -7.60149179e-01, -1.34562168e-01, -3.97711711e-01,\n",
       "                1.57527899e-01, -6.91065647e-02, -7.51784277e-02,\n",
       "               -4.49154168e-02, -4.93064251e-01, -2.71711390e-01,\n",
       "               -3.14394877e-01],\n",
       "              [-6.70080962e-02, -1.75095603e-01, -1.84050776e-01,\n",
       "                5.79694670e-02,  3.59224539e-02, -8.03478670e-01,\n",
       "               -7.62849504e-01, -1.45548123e-01,  3.33051351e-01,\n",
       "                2.52925982e-01, -6.78887659e-02, -3.50632448e-02,\n",
       "               -7.52390499e-02, -2.71711390e-01, -4.96087331e-01,\n",
       "               -2.75235237e-01],\n",
       "              [-6.56395848e-02, -1.75194510e-01, -1.87192607e-01,\n",
       "                6.55821024e-03, -6.59033952e-02, -8.55459353e-01,\n",
       "               -7.92654146e-01, -1.61388992e-01,  1.40479601e-04,\n",
       "               -4.22244765e-01, -3.70524189e-02, -6.13264773e-02,\n",
       "               -7.77173209e-02, -3.14394877e-01, -2.75235237e-01,\n",
       "               -5.24539605e-01]])                                , ...,\n",
       "       array([[-9.97959549e+00, -2.72844511e+00, -3.34861842e-04, ...,\n",
       "               -5.25936423e-02, -5.19565354e-05, -2.27832023e-06],\n",
       "              [-2.72844511e+00, -1.30095127e+00, -1.15290364e-02, ...,\n",
       "               -9.99191467e-02, -2.19836401e-03, -3.86025606e-04],\n",
       "              [-3.34861842e-04, -1.15290364e-02, -1.44577596e-01, ...,\n",
       "               -3.69425471e-02, -3.32395585e-04, -2.33484161e-04],\n",
       "              ...,\n",
       "              [-5.25936423e-02, -9.99191467e-02, -3.69425471e-02, ...,\n",
       "               -2.62971993e-01, -2.57574282e-02, -2.80817926e-02],\n",
       "              [-5.19565354e-05, -2.19836401e-03, -3.32395585e-04, ...,\n",
       "               -2.57574282e-02, -4.03336092e-01, -2.14909267e-01],\n",
       "              [-2.27832023e-06, -3.86025606e-04, -2.33484161e-04, ...,\n",
       "               -2.80817926e-02, -2.14909267e-01, -3.75626825e-01]])   ,\n",
       "       array([[-9.96143375e+00, -2.72391178e+00, -1.39958510e-03, ...,\n",
       "               -2.05604045e-02, -2.59311948e-05, -7.22274768e-06],\n",
       "              [-2.72391178e+00, -1.28880665e+00, -5.82343276e-02, ...,\n",
       "               -5.38126401e-02, -1.42596807e-03, -5.76399062e-04],\n",
       "              [-1.39958510e-03, -5.82343276e-02, -2.09098617e-01, ...,\n",
       "               -5.07878886e-02, -1.68003175e-03, -1.06230796e-03],\n",
       "              ...,\n",
       "              [-2.05604045e-02, -5.38126401e-02, -5.07878886e-02, ...,\n",
       "               -2.97552916e-01, -2.10408885e-02, -4.35720662e-02],\n",
       "              [-2.59311948e-05, -1.42596807e-03, -1.68003175e-03, ...,\n",
       "               -2.10408885e-02, -3.19008189e-01, -1.88754869e-01],\n",
       "              [-7.22274768e-06, -5.76399062e-04, -1.06230796e-03, ...,\n",
       "               -4.35720662e-02, -1.88754869e-01, -3.83982302e-01]])   ,\n",
       "       array([[-9.97183590e+00, -2.72690165e+00,  9.85633563e-04, ...,\n",
       "               -1.54184447e-03, -6.89815538e-03, -3.83029394e-05],\n",
       "              [-2.72690165e+00, -1.30727485e+00, -2.66882066e-02, ...,\n",
       "               -1.65326124e-02, -2.42937826e-02, -1.50723937e-03],\n",
       "              [ 9.85633563e-04, -2.66882066e-02, -1.74041839e-01, ...,\n",
       "               -1.26780820e-02, -1.66572246e-02, -1.66321302e-03],\n",
       "              ...,\n",
       "              [-1.54184447e-03, -1.65326124e-02, -1.26780820e-02, ...,\n",
       "               -3.27146479e-01, -3.00229394e-02, -4.89317753e-02],\n",
       "              [-6.89815538e-03, -2.42937826e-02, -1.66572246e-02, ...,\n",
       "               -3.00229394e-02, -3.82842812e-01, -1.90844421e-01],\n",
       "              [-3.83029394e-05, -1.50723937e-03, -1.66321302e-03, ...,\n",
       "               -4.89317753e-02, -1.90844421e-01, -3.81959567e-01]])   ],\n",
       "      dtype=object)"
      ]
     },
     "execution_count": 35,
     "metadata": {},
     "output_type": "execute_result"
    }
   ],
   "source": [
    "fock_sto3g"
   ]
  },
  {
   "cell_type": "code",
   "execution_count": 36,
   "id": "135db754-1bf5-492d-87fc-f2405ecb5714",
   "metadata": {},
   "outputs": [
    {
     "data": {
      "text/plain": [
       "(7000,)"
      ]
     },
     "execution_count": 36,
     "metadata": {},
     "output_type": "execute_result"
    }
   ],
   "source": [
    "fock_sto3g.shape"
   ]
  },
  {
   "cell_type": "code",
   "execution_count": 20,
   "id": "b9738d2d-e3a8-46c1-b7ec-0f40510d6346",
   "metadata": {},
   "outputs": [],
   "source": [
    "ovlp = hickle.load('examples/data/acs/sto-3g/overlap.hickle')"
   ]
  },
  {
   "cell_type": "code",
   "execution_count": 21,
   "id": "60eaa83e-56e7-48ad-9ed0-1969a89b6f73",
   "metadata": {},
   "outputs": [
    {
     "data": {
      "text/plain": [
       "7000"
      ]
     },
     "execution_count": 21,
     "metadata": {},
     "output_type": "execute_result"
    }
   ],
   "source": [
    "len(ovlp)"
   ]
  },
  {
   "cell_type": "code",
   "execution_count": 25,
   "id": "93c542a3-8a65-4689-abd5-d21703485339",
   "metadata": {},
   "outputs": [],
   "source": [
    "ovlp_ethane = np.load('examples/data/ethane/b3lypg_def2tzvp/ovlps.npy')\n",
    "ovlp_ethane = list(ovlp_ethane)"
   ]
  },
  {
   "cell_type": "code",
   "execution_count": 26,
   "id": "a9462b4e-7e64-4d51-b484-fc2a0b835a6e",
   "metadata": {},
   "outputs": [],
   "source": [
    "ovlp_ethene = np.load('examples/data/ethene/b3lypg_def2tzvp/ovlps.npy')\n",
    "for i in ovlp_ethene:\n",
    "    ovlp_ethane.append(i)"
   ]
  },
  {
   "cell_type": "code",
   "execution_count": 27,
   "id": "79c4bdc3-eed7-4af2-9fb8-76122d0e0a6b",
   "metadata": {},
   "outputs": [],
   "source": [
    "ovlp_butadiene = np.load('examples/data/butadiene/b3lypg_def2tzvp/ovlps.npy')\n",
    "for j in ovlp_butadiene:\n",
    "    ovlp_ethane.append(j)"
   ]
  },
  {
   "cell_type": "code",
   "execution_count": 28,
   "id": "0085c37c-8800-448f-913e-6c0379964768",
   "metadata": {},
   "outputs": [],
   "source": [
    "ovlp_hexane = np.load('examples/data/hexane/b3lypg_def2tzvp/ovlps.npy')\n",
    "for k in ovlp_hexane:\n",
    "    ovlp_ethane.append(k)"
   ]
  },
  {
   "cell_type": "code",
   "execution_count": 29,
   "id": "d8eb9b6d-09d6-445f-b984-a117044ba37c",
   "metadata": {},
   "outputs": [],
   "source": [
    "ovlp_hexatriene = np.load('examples/data/hexatriene/b3lypg_def2tzvp/ovlps.npy')\n",
    "for l in ovlp_hexatriene:\n",
    "    ovlp_ethane.append(l)"
   ]
  },
  {
   "cell_type": "code",
   "execution_count": 30,
   "id": "4ad2ef39-e9e0-4d73-baed-f83a75bc1c7d",
   "metadata": {},
   "outputs": [],
   "source": [
    "ovlp_styrene = np.load('examples/data/styrene/b3lypg_def2tzvp/ovlps.npy')\n",
    "for m in ovlp_styrene:\n",
    "    ovlp_ethane.append(m)"
   ]
  },
  {
   "cell_type": "code",
   "execution_count": 31,
   "id": "968043cf-1a11-48f3-ad78-f7445ed122ce",
   "metadata": {},
   "outputs": [],
   "source": [
    "ovlp_isoprene = np.load('examples/data/isoprene/b3lypg_def2tzvp/ovlps.npy')\n",
    "for n in ovlp_isoprene:\n",
    "    ovlp_ethane.append(n)"
   ]
  },
  {
   "cell_type": "code",
   "execution_count": 32,
   "id": "381ea6f8-b9fb-4612-8ea1-de22f0411adf",
   "metadata": {},
   "outputs": [
    {
     "data": {
      "text/plain": [
       "7000"
      ]
     },
     "execution_count": 32,
     "metadata": {},
     "output_type": "execute_result"
    }
   ],
   "source": [
    "len(ovlp_ethane)"
   ]
  },
  {
   "cell_type": "code",
   "execution_count": 33,
   "id": "dc071447-1d3d-4281-a076-b8c00143131f",
   "metadata": {},
   "outputs": [],
   "source": [
    "hickle.dump(ovlp_ethane, 'ovlps_def2tzvp.hickle')"
   ]
  },
  {
   "cell_type": "code",
   "execution_count": 34,
   "id": "9b57234a-f2a9-4073-a5f9-e25802afd413",
   "metadata": {},
   "outputs": [],
   "source": [
    "orbs = hickle.load('examples/data/acs/sto-3g/orbitals.hickle')"
   ]
  },
  {
   "cell_type": "code",
   "execution_count": 35,
   "id": "111e8890-37cc-4e64-b888-e10b1c4a1f72",
   "metadata": {},
   "outputs": [
    {
     "data": {
      "text/plain": [
       "{6: [[1, 0, 0], [2, 0, 0], [2, 1, -1], [2, 1, 0], [2, 1, 1]], 1: [[1, 0, 0]]}"
      ]
     },
     "execution_count": 35,
     "metadata": {},
     "output_type": "execute_result"
    }
   ],
   "source": [
    "orbs"
   ]
  },
  {
   "cell_type": "code",
   "execution_count": 55,
   "id": "d09bb106-e765-4ef7-936d-a7bf2ee5188d",
   "metadata": {},
   "outputs": [],
   "source": [
    "file = open(\"examples/data/ethane/b3lypg_def2tzvp/orbs.json\", \"r\")"
   ]
  },
  {
   "cell_type": "code",
   "execution_count": 57,
   "id": "380b73f9-8735-4788-be26-d82041aa846d",
   "metadata": {},
   "outputs": [
    {
     "ename": "JSONDecodeError",
     "evalue": "Expecting property name enclosed in double quotes: line 1 column 2 (char 1)",
     "output_type": "error",
     "traceback": [
      "\u001b[0;31m---------------------------------------------------------------------------\u001b[0m",
      "\u001b[0;31mJSONDecodeError\u001b[0m                           Traceback (most recent call last)",
      "Cell \u001b[0;32mIn[57], line 1\u001b[0m\n\u001b[0;32m----> 1\u001b[0m file \u001b[38;5;241m=\u001b[39m json\u001b[38;5;241m.\u001b[39mload(file)\n",
      "File \u001b[0;32m~/miniconda3/lib/python3.11/json/__init__.py:293\u001b[0m, in \u001b[0;36mload\u001b[0;34m(fp, cls, object_hook, parse_float, parse_int, parse_constant, object_pairs_hook, **kw)\u001b[0m\n\u001b[1;32m    274\u001b[0m \u001b[38;5;28;01mdef\u001b[39;00m \u001b[38;5;21mload\u001b[39m(fp, \u001b[38;5;241m*\u001b[39m, \u001b[38;5;28mcls\u001b[39m\u001b[38;5;241m=\u001b[39m\u001b[38;5;28;01mNone\u001b[39;00m, object_hook\u001b[38;5;241m=\u001b[39m\u001b[38;5;28;01mNone\u001b[39;00m, parse_float\u001b[38;5;241m=\u001b[39m\u001b[38;5;28;01mNone\u001b[39;00m,\n\u001b[1;32m    275\u001b[0m         parse_int\u001b[38;5;241m=\u001b[39m\u001b[38;5;28;01mNone\u001b[39;00m, parse_constant\u001b[38;5;241m=\u001b[39m\u001b[38;5;28;01mNone\u001b[39;00m, object_pairs_hook\u001b[38;5;241m=\u001b[39m\u001b[38;5;28;01mNone\u001b[39;00m, \u001b[38;5;241m*\u001b[39m\u001b[38;5;241m*\u001b[39mkw):\n\u001b[1;32m    276\u001b[0m \u001b[38;5;250m    \u001b[39m\u001b[38;5;124;03m\"\"\"Deserialize ``fp`` (a ``.read()``-supporting file-like object containing\u001b[39;00m\n\u001b[1;32m    277\u001b[0m \u001b[38;5;124;03m    a JSON document) to a Python object.\u001b[39;00m\n\u001b[1;32m    278\u001b[0m \n\u001b[0;32m   (...)\u001b[0m\n\u001b[1;32m    291\u001b[0m \u001b[38;5;124;03m    kwarg; otherwise ``JSONDecoder`` is used.\u001b[39;00m\n\u001b[1;32m    292\u001b[0m \u001b[38;5;124;03m    \"\"\"\u001b[39;00m\n\u001b[0;32m--> 293\u001b[0m     \u001b[38;5;28;01mreturn\u001b[39;00m loads(fp\u001b[38;5;241m.\u001b[39mread(),\n\u001b[1;32m    294\u001b[0m         \u001b[38;5;28mcls\u001b[39m\u001b[38;5;241m=\u001b[39m\u001b[38;5;28mcls\u001b[39m, object_hook\u001b[38;5;241m=\u001b[39mobject_hook,\n\u001b[1;32m    295\u001b[0m         parse_float\u001b[38;5;241m=\u001b[39mparse_float, parse_int\u001b[38;5;241m=\u001b[39mparse_int,\n\u001b[1;32m    296\u001b[0m         parse_constant\u001b[38;5;241m=\u001b[39mparse_constant, object_pairs_hook\u001b[38;5;241m=\u001b[39mobject_pairs_hook, \u001b[38;5;241m*\u001b[39m\u001b[38;5;241m*\u001b[39mkw)\n",
      "File \u001b[0;32m~/miniconda3/lib/python3.11/json/__init__.py:346\u001b[0m, in \u001b[0;36mloads\u001b[0;34m(s, cls, object_hook, parse_float, parse_int, parse_constant, object_pairs_hook, **kw)\u001b[0m\n\u001b[1;32m    341\u001b[0m     s \u001b[38;5;241m=\u001b[39m s\u001b[38;5;241m.\u001b[39mdecode(detect_encoding(s), \u001b[38;5;124m'\u001b[39m\u001b[38;5;124msurrogatepass\u001b[39m\u001b[38;5;124m'\u001b[39m)\n\u001b[1;32m    343\u001b[0m \u001b[38;5;28;01mif\u001b[39;00m (\u001b[38;5;28mcls\u001b[39m \u001b[38;5;129;01mis\u001b[39;00m \u001b[38;5;28;01mNone\u001b[39;00m \u001b[38;5;129;01mand\u001b[39;00m object_hook \u001b[38;5;129;01mis\u001b[39;00m \u001b[38;5;28;01mNone\u001b[39;00m \u001b[38;5;129;01mand\u001b[39;00m\n\u001b[1;32m    344\u001b[0m         parse_int \u001b[38;5;129;01mis\u001b[39;00m \u001b[38;5;28;01mNone\u001b[39;00m \u001b[38;5;129;01mand\u001b[39;00m parse_float \u001b[38;5;129;01mis\u001b[39;00m \u001b[38;5;28;01mNone\u001b[39;00m \u001b[38;5;129;01mand\u001b[39;00m\n\u001b[1;32m    345\u001b[0m         parse_constant \u001b[38;5;129;01mis\u001b[39;00m \u001b[38;5;28;01mNone\u001b[39;00m \u001b[38;5;129;01mand\u001b[39;00m object_pairs_hook \u001b[38;5;129;01mis\u001b[39;00m \u001b[38;5;28;01mNone\u001b[39;00m \u001b[38;5;129;01mand\u001b[39;00m \u001b[38;5;129;01mnot\u001b[39;00m kw):\n\u001b[0;32m--> 346\u001b[0m     \u001b[38;5;28;01mreturn\u001b[39;00m _default_decoder\u001b[38;5;241m.\u001b[39mdecode(s)\n\u001b[1;32m    347\u001b[0m \u001b[38;5;28;01mif\u001b[39;00m \u001b[38;5;28mcls\u001b[39m \u001b[38;5;129;01mis\u001b[39;00m \u001b[38;5;28;01mNone\u001b[39;00m:\n\u001b[1;32m    348\u001b[0m     \u001b[38;5;28mcls\u001b[39m \u001b[38;5;241m=\u001b[39m JSONDecoder\n",
